2149
0001.png 319 126 114 114
0002.png 319 127 108 108
0003.png 316 130 104 104
0004.png 315 129 106 106
0005.png 319 128 105 105
0006.png 316 127 108 108
0007.png 317 128 109 110
0008.png 315 127 110 111
0009.png 316 127 113 112
0010.png 315 128 112 111
0011.png 318 125 113 114
0012.png 318 126 112 113
0013.png 318 126 112 113
0014.png 318 127 112 112
0015.png 318 126 112 113
0016.png 315 127 114 113
0017.png 317 125 114 115
0018.png 318 127 108 109
0019.png 318 127 112 112
0020.png 318 127 112 112
0021.png 317 127 111 112
0022.png 318 127 110 109
0023.png 317 127 111 110
0024.png 318 127 107 108
0025.png 314 126 112 112
0026.png 315 126 113 113
0027.png 317 126 111 111
0028.png 317 126 110 110
0029.png 318 125 111 111
0030.png 321 123 108 109
0031.png 320 123 108 108
0032.png 312 121 113 113
0033.png 313 120 115 114
0034.png 313 120 111 112
0035.png 314 120 112 112
0036.png 313 123 111 111
0037.png 312 120 111 111
0038.png 313 122 111 111
0039.png 310 120 113 112
0040.png 312 120 111 111
0041.png 309 122 109 108
0042.png 310 120 112 112
0043.png 311 123 107 107
0044.png 311 123 110 110
0045.png 311 122 113 112
0046.png 314 122 114 114
0047.png 315 121 111 111
0048.png 315 118 115 116
0049.png 316 119 113 113
0050.png 315 118 113 113
0051.png 315 118 113 113
0052.png 315 118 113 113
0053.png 318 122 107 106
0054.png 312 115 117 116
0055.png 316 117 113 114
0056.png 314 111 119 120
0057.png 320 116 116 116
0058.png 319 114 114 114
0059.png 313 112 118 118
0060.png 315 111 120 121
0061.png 318 110 120 120
0062.png 317 111 118 118
0063.png 316 110 120 120
0064.png 316 112 119 118
0065.png 317 112 118 118
0066.png 317 112 118 118
0067.png 318 112 118 118
0068.png 318 112 118 118
0069.png 315 111 120 120
0070.png 316 113 118 118
0071.png 316 113 118 118
0072.png 316 115 118 118
0073.png 316 115 118 118
0074.png 316 114 118 119
0075.png 318 116 116 116
0076.png 315 115 119 118
0077.png 313 115 121 120
0078.png 313 115 121 120
0079.png 316 117 118 118
0080.png 316 117 118 118
0081.png 321 120 109 109
0082.png 318 120 109 110
0083.png 320 121 109 109
0084.png 324 124 106 106
0085.png 320 124 107 107
0086.png 315 122 110 109
0087.png 315 121 112 112
0088.png 314 118 111 111
0089.png 311 118 113 113
0090.png 314 118 109 110
0091.png 308 116 114 115
0092.png 307 119 111 111
0093.png 306 119 112 112
0094.png 311 116 117 117
0095.png 314 118 115 114
0096.png 313 117 116 116
0097.png 314 118 115 115
0098.png 317 120 111 112
0099.png 317 121 111 111
0100.png 316 121 110 110
0101.png 316 126 106 106
0102.png 316 123 109 109
0103.png 313 120 114 114
0104.png 313 123 114 114
0105.png 313 120 118 118
0106.png 316 120 117 118
0107.png 315 121 116 116
0108.png 315 119 118 118
0109.png 315 120 115 115
0110.png 313 120 118 118
0111.png 312 119 118 118
0112.png 315 119 114 115
0113.png 314 121 112 112
0114.png 315 120 112 112
0115.png 313 121 110 110
0116.png 316 123 108 108
0117.png 316 122 111 110
0118.png 314 122 109 110
0119.png 310 119 111 112
0120.png 309 119 112 112
0121.png 309 121 109 108
0122.png 310 121 109 109
0123.png 308 122 109 108
0124.png 312 120 109 109
0125.png 312 120 110 110
0126.png 308 121 111 111
0127.png 314 122 109 109
0128.png 317 119 111 111
0129.png 316 119 113 112
0130.png 319 117 113 113
0131.png 318 119 113 113
0132.png 316 116 116 117
0133.png 312 116 117 116
0134.png 314 116 113 113
0135.png 311 114 117 116
0136.png 311 114 117 116
0137.png 316 114 116 117
0138.png 315 118 114 114
0139.png 318 116 113 113
0140.png 319 117 112 112
0141.png 316 116 113 113
0142.png 315 120 110 110
0143.png 318 122 107 107
0144.png 314 123 106 106
0145.png 320 123 106 106
0146.png 320 123 106 106
0147.png 320 122 107 107
0148.png 320 122 107 107
0149.png 319 122 106 107
0150.png 318 119 113 113
0151.png 317 120 112 111
0152.png 316 120 112 112
0153.png 316 120 112 112
0154.png 317 122 109 109
0155.png 317 122 108 108
0156.png 317 122 108 108
0157.png 318 124 108 107
0158.png 314 122 111 110
0159.png 311 122 110 110
0160.png 312 124 107 107
0161.png 314 123 106 106
0162.png 313 123 107 106
0163.png 313 122 108 108
0164.png 310 122 109 108
0165.png 310 120 113 113
0166.png 310 120 113 113
0167.png 311 119 112 111
0168.png 313 118 113 113
0169.png 308 116 117 116
0170.png 306 113 118 118
0171.png 307 115 115 115
0172.png 305 112 121 121
0173.png 302 111 122 121
0174.png 303 114 121 120
0175.png 305 112 121 121
0176.png 309 114 118 117
0177.png 312 118 112 112
0178.png 314 118 113 113
0179.png 314 120 113 112
0180.png 314 120 113 112
0181.png 314 120 113 112
0182.png 314 120 112 113
0183.png 313 119 114 114
0184.png 313 119 116 116
0185.png 314 119 114 114
0186.png 311 119 115 114
0187.png 314 120 113 112
0188.png 316 121 116 116
0189.png 316 121 113 113
0190.png 317 121 113 113
0191.png 317 122 111 111
0192.png 319 123 110 110
0193.png 316 125 108 108
0194.png 317 122 110 110
0195.png 314 122 112 111
0196.png 316 121 110 110
0197.png 314 120 111 112
0198.png 314 120 111 112
0199.png 313 120 112 113
0200.png 315 122 109 109
0201.png 313 123 108 108
0202.png 315 122 110 110
0203.png 312 122 110 110
0204.png 315 123 109 109
0205.png 314 122 110 110
0206.png 312 123 109 109
0207.png 317 122 111 111
0208.png 318 123 109 109
0209.png 319 120 111 112
0210.png 318 118 113 113
0211.png 318 120 110 110
0212.png 317 117 114 115
0213.png 317 117 117 117
0214.png 317 117 117 117
0215.png 315 118 115 116
0216.png 320 119 114 114
0217.png 319 121 108 108
0218.png 316 121 112 112
0219.png 316 120 113 113
0220.png 317 123 110 110
0221.png 319 121 113 113
0222.png 318 121 111 110
0223.png 317 120 113 113
0224.png 323 121 111 111
0225.png 323 122 109 109
0226.png 318 121 111 110
0227.png 316 118 114 114
0228.png 316 119 113 113
0229.png 314 120 113 112
0230.png 312 120 111 111
0231.png 310 121 110 110
0232.png 308 118 113 113
0233.png 307 117 114 114
0234.png 311 116 114 114
0235.png 310 120 110 110
0236.png 314 121 109 109
0237.png 312 117 114 114
0238.png 313 118 114 114
0239.png 313 120 110 110
0240.png 315 124 105 105
0241.png 317 128 102 102
0242.png 316 125 104 105
0243.png 311 120 112 112
0244.png 308 119 114 115
0245.png 307 116 113 113
0246.png 311 121 108 107
0247.png 309 128 104 103
0248.png 308 125 107 107
0249.png 307 125 107 107
0250.png 308 124 108 109
0251.png 308 124 108 108
0252.png 301 119 112 112
0253.png 300 118 113 113
0254.png 301 117 110 110
0255.png 299 116 111 111
0256.png 299 116 113 113
0257.png 298 116 114 113
0258.png 299 117 111 110
0259.png 300 119 108 109
0260.png 299 121 106 106
0261.png 300 124 106 105
0262.png 304 127 105 105
0263.png 302 123 110 110
0264.png 301 124 105 105
0265.png 300 119 111 111
0266.png 303 119 111 111
0267.png 305 119 110 110
0268.png 308 120 109 109
0269.png 306 118 108 108
0270.png 306 117 112 112
0271.png 308 118 111 110
0272.png 310 121 106 107
0273.png 310 117 113 114
0274.png 306 113 118 119
0275.png 307 113 115 115
0276.png 312 116 105 105
0277.png 312 115 108 108
0278.png 313 114 113 114
0279.png 312 112 114 115
0280.png 313 113 115 115
0281.png 312 114 117 116
0282.png 314 115 114 114
0283.png 316 114 115 116
0284.png 318 114 113 114
0285.png 319 113 113 113
0286.png 324 116 107 108
0287.png 326 117 107 107
0288.png 323 113 108 108
0289.png 321 115 110 110
0290.png 321 115 110 110
0291.png 321 113 112 112
0292.png 325 115 106 106
0293.png 322 114 110 110
0294.png 322 114 110 110
0295.png 322 114 110 110
0296.png 321 111 114 114
0297.png 326 119 107 108
0298.png 324 121 106 106
0299.png 324 120 106 105
0300.png 326 117 109 109
0301.png 324 117 107 107
0302.png 317 115 112 111
0303.png 317 114 116 116
0304.png 316 114 113 112
0305.png 316 116 113 113
0306.png 309 115 113 113
0307.png 304 118 113 112
0308.png 298 121 109 109
0309.png 292 122 107 108
0310.png 285 126 108 108
0311.png 288 130 104 104
0312.png 284 131 108 107
0313.png 280 130 112 112
0314.png 283 133 105 106
0315.png 282 133 113 113
0316.png 283 136 108 107
0317.png 283 141 101 101
0318.png 278 144 105 105
0319.png 284 140 106 106
0320.png 283 135 105 105
0321.png 274 126 123 123
0322.png 280 132 110 111
0323.png 280 133 110 110
0324.png 282 135 106 105
0325.png 290 139 101 102
0326.png 288 138 103 103
0327.png 288 137 100 101
0328.png 286 136 101 102
0329.png 277 133 109 110
0330.png 275 131 113 113
0331.png 274 134 106 106
0332.png 274 128 116 116
0333.png 274 127 113 113
0334.png 274 131 111 111
0335.png 275 129 114 114
0336.png 278 127 117 116
0337.png 276 128 110 110
0338.png 282 125 110 110
0339.png 285 128 106 106
0340.png 291 131 102 103
0341.png 289 127 113 113
0342.png 299 131 107 107
0343.png 303 130 105 105
0344.png 309 130 109 109
0345.png 311 122 114 114
0346.png 311 120 118 118
0347.png 318 121 114 114
0348.png 328 125 102 102
0349.png 328 122 108 108
0350.png 327 122 112 112
0351.png 328 121 110 111
0352.png 328 120 116 116
0353.png 328 119 114 115
0354.png 329 119 116 116
0355.png 331 116 117 116
0356.png 334 116 116 116
0357.png 333 117 116 116
0358.png 340 117 106 106
0359.png 342 117 108 109
0360.png 341 119 108 108
0361.png 338 117 115 115
0362.png 341 119 111 111
0363.png 343 120 110 110
0364.png 345 119 109 108
0365.png 344 120 108 108
0366.png 347 120 107 107
0367.png 346 119 108 108
0368.png 347 117 113 113
0369.png 345 115 112 112
0370.png 347 116 109 110
0371.png 346 114 110 110
0372.png 344 117 105 104
0373.png 345 115 105 105
0374.png 344 114 112 112
0375.png 352 117 109 109
0376.png 348 111 113 113
0377.png 354 113 107 107
0378.png 356 112 112 112
0379.png 357 112 114 115
0380.png 355 112 116 116
0381.png 354 111 112 112
0382.png 353 111 120 120
0383.png 355 112 116 116
0384.png 355 112 113 113
0385.png 348 109 117 116
0386.png 347 111 110 110
0387.png 347 110 113 113
0388.png 354 112 108 108
0389.png 351 114 107 107
0390.png 342 111 114 113
0391.png 340 108 114 114
0392.png 344 111 108 108
0393.png 340 111 112 112
0394.png 338 109 116 116
0395.png 332 110 116 116
0396.png 333 111 113 113
0397.png 330 112 109 109
0398.png 329 115 105 105
0399.png 324 113 109 108
0400.png 326 113 109 110
0401.png 319 113 111 111
0402.png 318 112 113 113
0403.png 314 109 118 118
0404.png 315 114 110 110
0405.png 312 111 119 119
0406.png 313 113 116 115
0407.png 314 115 112 112
0408.png 309 114 116 115
0409.png 311 114 112 113
0410.png 309 114 114 114
0411.png 308 115 110 109
0412.png 304 118 112 112
0413.png 310 123 108 108
0414.png 306 123 110 111
0415.png 304 126 107 107
0416.png 305 126 106 107
0417.png 298 123 108 108
0418.png 301 120 111 111
0419.png 297 117 112 112
0420.png 294 114 112 112
0421.png 291 110 116 117
0422.png 296 113 113 114
0423.png 296 114 113 114
0424.png 294 114 113 113
0425.png 296 116 113 113
0426.png 293 115 113 113
0427.png 295 114 113 113
0428.png 291 112 114 114
0429.png 293 112 114 115
0430.png 293 112 114 115
0431.png 295 113 115 114
0432.png 296 120 109 108
0433.png 295 116 112 113
0434.png 298 117 111 111
0435.png 299 116 114 114
0436.png 301 119 111 110
0437.png 301 116 113 113
0438.png 301 118 114 114
0439.png 302 119 113 113
0440.png 302 119 114 113
0441.png 307 120 113 113
0442.png 305 120 114 114
0443.png 311 124 109 109
0444.png 311 125 111 111
0445.png 307 124 116 116
0446.png 305 124 116 116
0447.png 305 124 116 116
0448.png 304 123 116 116
0449.png 309 124 111 111
0450.png 308 123 108 108
0451.png 305 120 114 114
0452.png 307 121 113 113
0453.png 309 122 112 112
0454.png 311 124 106 106
0455.png 311 123 106 106
0456.png 311 122 110 110
0457.png 311 122 109 109
0458.png 311 122 109 108
0459.png 310 121 110 109
0460.png 309 120 111 112
0461.png 309 120 111 112
0462.png 312 122 107 107
0463.png 312 123 109 108
0464.png 310 121 110 110
0465.png 305 121 111 111
0466.png 308 121 111 111
0467.png 309 120 115 115
0468.png 312 120 113 113
0469.png 317 122 112 111
0470.png 316 122 111 112
0471.png 315 121 112 112
0472.png 318 122 111 110
0473.png 318 122 110 110
0474.png 319 121 112 112
0475.png 319 122 111 111
0476.png 318 121 109 110
0477.png 319 121 109 109
0478.png 317 121 111 111
0479.png 318 121 112 112
0480.png 316 121 112 112
0481.png 316 121 110 110
0482.png 313 121 111 111
0483.png 314 122 110 110
0484.png 315 122 111 110
0485.png 316 123 110 110
0486.png 317 123 110 110
0487.png 315 123 110 110
0488.png 320 123 107 108
0489.png 317 123 109 109
0490.png 319 124 109 108
0491.png 317 125 107 106
0492.png 318 125 108 109
0493.png 314 126 107 107
0494.png 314 126 107 107
0495.png 317 126 106 106
0496.png 315 126 110 110
0497.png 314 125 111 111
0498.png 320 126 110 110
0499.png 316 127 106 106
0500.png 315 126 109 109
0501.png 316 125 106 106
0502.png 318 122 108 109
0503.png 318 121 113 113
0504.png 311 121 112 112
0505.png 313 121 111 111
0506.png 311 123 108 108
0507.png 312 122 108 109
0508.png 310 123 107 106
0509.png 312 123 104 104
0510.png 309 122 110 110
0511.png 313 123 106 106
0512.png 312 122 108 108
0513.png 311 121 108 108
0514.png 312 120 111 112
0515.png 314 122 109 108
0516.png 313 120 109 109
0517.png 315 120 110 110
0518.png 314 120 108 109
0519.png 317 122 106 106
0520.png 313 121 113 112
0521.png 313 118 114 114
0522.png 311 116 117 116
0523.png 312 119 114 114
0524.png 311 119 112 113
0525.png 311 121 112 112
0526.png 310 118 116 116
0527.png 311 113 119 120
0528.png 310 116 117 116
0529.png 312 121 114 114
0530.png 310 116 122 122
0531.png 313 121 111 111
0532.png 312 122 109 109
0533.png 310 120 113 113
0534.png 312 121 109 108
0535.png 312 121 109 108
0536.png 313 121 110 110
0537.png 313 121 110 110
0538.png 307 117 116 116
0539.png 309 118 111 111
0540.png 307 117 111 111
0541.png 309 116 115 114
0542.png 306 113 118 118
0543.png 304 113 120 119
0544.png 302 109 123 123
0545.png 304 110 120 120
0546.png 304 109 118 119
0547.png 299 109 117 117
0548.png 298 107 124 124
0549.png 303 110 115 115
0550.png 300 109 119 119
0551.png 296 106 127 127
0552.png 298 109 121 120
0553.png 295 105 127 127
0554.png 297 104 122 121
0555.png 296 103 124 124
0556.png 297 105 120 119
0557.png 293 102 126 126
0558.png 295 106 123 123
0559.png 295 104 120 120
0560.png 293 105 121 120
0561.png 293 103 123 122
0562.png 297 105 116 116
0563.png 297 103 116 117
0564.png 295 100 127 127
0565.png 299 103 120 120
0566.png 296 103 127 128
0567.png 301 106 121 121
0568.png 309 119 110 110
0569.png 305 106 117 116
0570.png 313 114 106 106
0571.png 309 113 113 113
0572.png 311 115 110 110
0573.png 309 112 115 114
0574.png 314 117 111 111
0575.png 310 113 115 115
0576.png 311 113 115 115
0577.png 311 113 115 115
0578.png 314 117 111 111
0579.png 313 117 113 113
0580.png 312 117 113 113
0581.png 312 117 113 113
0582.png 314 118 114 114
0583.png 310 118 112 112
0584.png 313 117 115 114
0585.png 315 118 112 111
0586.png 315 117 114 114
0587.png 315 111 123 124
0588.png 314 113 120 120
0589.png 314 112 124 124
0590.png 314 113 121 120
0591.png 314 112 118 118
0592.png 312 112 117 117
0593.png 311 110 122 121
0594.png 304 106 128 128
0595.png 308 107 122 123
0596.png 312 107 123 123
0597.png 309 109 121 121
0598.png 314 110 115 116
0599.png 313 110 115 116
0600.png 314 110 114 114
0601.png 314 109 116 115
0602.png 313 111 112 112
0603.png 312 110 115 115
0604.png 315 109 116 116
0605.png 312 109 121 121
0606.png 312 108 120 120
0607.png 313 109 118 119
0608.png 312 111 118 118
0609.png 313 112 114 114
0610.png 314 114 111 112
0611.png 315 112 111 112
0612.png 316 113 111 110
0613.png 313 113 111 111
0614.png 313 112 113 112
0615.png 316 112 108 109
0616.png 316 112 108 109
0617.png 314 110 112 112
0618.png 317 112 112 112
0619.png 313 108 121 120
0620.png 320 110 112 113
0621.png 319 111 115 115
0622.png 318 108 118 119
0623.png 314 109 120 120
0624.png 315 108 122 122
0625.png 317 114 117 116
0626.png 318 115 116 116
0627.png 319 117 114 114
0628.png 315 113 122 122
0629.png 315 116 119 118
0630.png 321 120 108 108
0631.png 319 120 110 111
0632.png 313 120 114 115
0633.png 311 122 109 109
0634.png 312 123 104 105
0635.png 309 121 107 108
0636.png 303 119 111 110
0637.png 298 119 108 108
0638.png 293 119 108 108
0639.png 290 125 101 101
0640.png 286 123 103 103
0641.png 277 116 114 114
0642.png 275 117 114 114
0643.png 275 118 116 116
0644.png 278 121 112 112
0645.png 279 123 108 109
0646.png 278 124 106 106
0647.png 279 123 108 109
0648.png 279 123 108 109
0649.png 281 122 110 110
0650.png 278 121 110 109
0651.png 277 120 110 110
0652.png 279 123 105 105
0653.png 282 123 104 104
0654.png 283 125 104 104
0655.png 279 125 108 108
0656.png 280 122 108 108
0657.png 277 119 110 110
0658.png 277 120 111 111
0659.png 285 123 103 103
0660.png 287 122 104 104
0661.png 288 120 105 106
0662.png 290 118 111 111
0663.png 296 116 114 114
0664.png 296 114 115 115
0665.png 298 115 116 116
0666.png 306 116 111 111
0667.png 307 116 113 113
0668.png 308 118 113 113
0669.png 312 117 114 114
0670.png 316 119 113 113
0671.png 318 119 112 112
0672.png 318 123 110 110
0673.png 320 122 111 111
0674.png 323 122 109 109
0675.png 327 121 109 109
0676.png 328 120 112 112
0677.png 326 119 113 113
0678.png 329 119 115 114
0679.png 335 123 106 106
0680.png 332 123 109 109
0681.png 330 122 112 111
0682.png 332 123 109 109
0683.png 333 123 108 107
0684.png 332 121 113 113
0685.png 330 121 116 116
0686.png 330 123 114 114
0687.png 325 124 112 111
0688.png 327 124 114 114
0689.png 327 124 111 111
0690.png 328 124 114 114
0691.png 329 125 111 111
0692.png 327 124 112 111
0693.png 328 124 114 114
0694.png 326 129 109 109
0695.png 326 127 111 111
0696.png 325 129 111 110
0697.png 329 132 106 106
0698.png 324 132 108 107
0699.png 321 129 111 112
0700.png 321 129 111 111
0701.png 320 127 112 113
0702.png 322 126 108 108
0703.png 320 124 109 110
0704.png 321 124 110 110
0705.png 318 123 110 110
0706.png 318 125 105 105
0707.png 314 125 104 104
0708.png 316 128 99 99
0709.png 317 127 100 100
0710.png 317 127 103 103
0711.png 315 126 104 104
0712.png 313 124 107 107
0713.png 308 121 111 110
0714.png 310 121 109 110
0715.png 310 121 111 110
0716.png 312 121 109 109
0717.png 311 121 111 111
0718.png 314 120 113 113
0719.png 313 122 111 111
0720.png 314 120 112 112
0721.png 316 121 111 111
0722.png 315 121 111 112
0723.png 318 122 110 110
0724.png 315 122 111 111
0725.png 315 121 113 113
0726.png 313 120 114 114
0727.png 315 120 115 114
0728.png 317 123 113 113
0729.png 315 119 115 116
0730.png 314 118 115 116
0731.png 316 120 113 112
0732.png 317 119 112 112
0733.png 319 123 107 107
0734.png 319 121 110 110
0735.png 317 120 111 112
0736.png 314 120 112 112
0737.png 313 120 113 113
0738.png 313 120 113 113
0739.png 313 121 112 112
0740.png 313 121 113 113
0741.png 313 121 113 113
0742.png 313 121 113 113
0743.png 313 121 113 113
0744.png 313 122 112 112
0745.png 313 121 113 113
0746.png 314 121 111 112
0747.png 311 121 113 113
0748.png 309 120 114 114
0749.png 310 119 115 114
0750.png 309 121 112 111
0751.png 311 122 108 108
0752.png 307 121 110 110
0753.png 307 121 109 109
0754.png 306 120 115 115
0755.png 308 123 109 108
0756.png 310 123 108 108
0757.png 310 122 111 110
0758.png 305 120 112 112
0759.png 303 120 112 112
0760.png 303 121 112 112
0761.png 304 122 111 111
0762.png 302 121 110 110
0763.png 302 123 111 110
0764.png 302 125 106 105
0765.png 302 125 106 105
0766.png 301 123 107 107
0767.png 297 122 108 108
0768.png 302 123 106 107
0769.png 301 122 109 109
0770.png 301 122 109 109
0771.png 301 123 108 108
0772.png 300 122 113 113
0773.png 301 120 113 113
0774.png 301 119 113 113
0775.png 304 120 114 113
0776.png 303 121 110 110
0777.png 301 119 113 113
0778.png 304 120 110 110
0779.png 304 117 110 110
0780.png 307 119 109 110
0781.png 307 118 110 110
0782.png 313 118 110 111
0783.png 307 115 116 116
0784.png 307 118 112 112
0785.png 305 113 115 114
0786.png 308 112 111 111
0787.png 313 112 113 113
0788.png 314 114 112 111
0789.png 313 114 111 111
0790.png 312 114 114 113
0791.png 315 116 110 110
0792.png 310 112 119 118
0793.png 313 116 116 116
0794.png 317 116 111 112
0795.png 320 119 111 111
0796.png 319 118 109 110
0797.png 318 116 113 113
0798.png 317 118 116 115
0799.png 314 118 114 114
0800.png 315 118 115 115
0801.png 315 118 117 116
0802.png 315 118 117 116
0803.png 317 118 113 114
0804.png 315 116 117 116
0805.png 318 117 113 113
0806.png 321 119 112 111
0807.png 322 119 113 112
0808.png 322 119 113 112
0809.png 321 120 114 114
0810.png 320 118 116 115
0811.png 321 117 115 116
0812.png 319 116 119 119
0813.png 321 121 113 112
0814.png 324 121 112 113
0815.png 322 118 116 116
0816.png 322 118 116 116
0817.png 322 118 115 115
0818.png 320 117 119 119
0819.png 319 119 116 115
0820.png 318 117 117 117
0821.png 322 118 115 115
0822.png 323 123 109 109
0823.png 318 121 113 113
0824.png 322 122 111 110
0825.png 318 122 109 110
0826.png 316 122 112 111
0827.png 316 122 112 111
0828.png 316 123 110 110
0829.png 320 128 104 104
0830.png 313 126 107 107
0831.png 311 126 109 109
0832.png 306 123 114 114
0833.png 309 123 112 112
0834.png 312 123 110 110
0835.png 310 124 111 110
0836.png 309 123 110 110
0837.png 304 127 108 108
0838.png 306 128 107 107
0839.png 308 129 105 105
0840.png 306 124 111 111
0841.png 305 126 109 109
0842.png 311 124 110 109
0843.png 309 123 109 109
0844.png 309 124 110 109
0845.png 306 121 116 116
0846.png 309 125 111 111
0847.png 306 124 111 111
0848.png 302 120 118 118
0849.png 307 123 114 114
0850.png 306 126 111 110
0851.png 309 128 107 107
0852.png 308 128 107 107
0853.png 309 125 108 108
0854.png 309 122 110 110
0855.png 311 126 105 105
0856.png 312 122 111 111
0857.png 314 122 108 109
0858.png 312 121 111 111
0859.png 311 120 113 112
0860.png 310 121 111 110
0861.png 312 121 111 111
0862.png 315 121 112 111
0863.png 314 120 109 109
0864.png 313 119 111 112
0865.png 313 120 112 113
0866.png 310 118 113 114
0867.png 310 117 115 114
0868.png 310 118 115 114
0869.png 317 120 111 111
0870.png 312 119 113 112
0871.png 317 118 112 112
0872.png 321 119 113 113
0873.png 319 119 112 112
0874.png 318 117 112 113
0875.png 323 121 109 108
0876.png 322 121 109 109
0877.png 323 121 108 108
0878.png 321 117 114 114
0879.png 320 116 114 114
0880.png 324 121 111 111
0881.png 316 116 120 121
0882.png 316 116 120 121
0883.png 315 114 122 122
0884.png 317 117 118 118
0885.png 317 117 118 118
0886.png 319 118 117 117
0887.png 318 119 117 117
0888.png 319 119 115 115
0889.png 321 119 112 111
0890.png 314 118 119 118
0891.png 319 119 113 113
0892.png 317 121 110 111
0893.png 320 122 109 110
0894.png 317 121 109 109
0895.png 316 122 109 110
0896.png 318 122 107 108
0897.png 317 122 108 108
0898.png 315 122 109 109
0899.png 309 122 110 111
0900.png 302 121 108 108
0901.png 300 119 110 111
0902.png 293 119 110 111
0903.png 289 121 108 108
0904.png 290 125 103 103
0905.png 290 122 105 106
0906.png 290 121 106 106
0907.png 290 125 104 104
0908.png 286 123 103 104
0909.png 285 119 109 109
0910.png 281 119 111 111
0911.png 285 122 106 107
0912.png 283 122 107 107
0913.png 285 123 106 106
0914.png 284 122 111 111
0915.png 286 126 104 104
0916.png 288 125 103 103
0917.png 287 124 103 103
0918.png 288 119 112 112
0919.png 293 120 108 108
0920.png 293 119 110 111
0921.png 294 119 110 110
0922.png 298 120 105 105
0923.png 299 121 106 106
0924.png 298 120 107 108
0925.png 300 121 113 112
0926.png 299 119 113 113
0927.png 298 118 116 116
0928.png 304 118 110 110
0929.png 305 118 110 110
0930.png 306 115 112 112
0931.png 306 113 115 115
0932.png 307 114 113 113
0933.png 310 113 114 114
0934.png 309 112 119 119
0935.png 316 121 109 109
0936.png 316 117 112 112
0937.png 316 114 114 114
0938.png 316 112 118 118
0939.png 316 110 121 121
0940.png 316 110 121 122
0941.png 316 112 119 120
0942.png 316 113 120 121
0943.png 320 113 123 124
0944.png 324 122 110 110
0945.png 323 122 114 114
0946.png 326 124 112 113
0947.png 331 126 111 111
0948.png 330 126 113 113
0949.png 338 126 109 110
0950.png 342 128 108 108
0951.png 340 126 111 112
0952.png 344 126 115 114
0953.png 348 126 110 110
0954.png 347 126 112 112
0955.png 351 126 114 113
0956.png 352 125 112 112
0957.png 353 126 112 112
0958.png 354 128 109 108
0959.png 354 127 111 111
0960.png 351 130 108 108
0961.png 350 129 109 109
0962.png 351 129 106 106
0963.png 347 129 105 104
0964.png 347 127 111 111
0965.png 346 128 108 109
0966.png 342 132 107 106
0967.png 341 129 111 110
0968.png 340 128 110 110
0969.png 339 128 110 109
0970.png 339 128 109 108
0971.png 340 127 107 107
0972.png 338 128 109 109
0973.png 338 127 110 110
0974.png 340 128 112 111
0975.png 337 126 110 110
0976.png 337 124 113 113
0977.png 331 123 116 116
0978.png 334 124 118 117
0979.png 334 123 110 110
0980.png 332 123 111 111
0981.png 333 122 109 110
0982.png 333 124 106 105
0983.png 333 122 107 107
0984.png 330 122 108 108
0985.png 330 123 106 106
0986.png 329 122 107 108
0987.png 326 122 111 111
0988.png 323 121 113 113
0989.png 328 124 107 107
0990.png 332 123 106 106
0991.png 332 124 107 107
0992.png 333 116 109 109
0993.png 343 120 103 103
0994.png 339 115 108 109
0995.png 339 113 111 111
0996.png 338 114 111 110
0997.png 334 115 112 111
0998.png 337 118 108 108
0999.png 336 120 103 102
1000.png 334 116 104 105
1001.png 335 119 104 104
1002.png 332 118 106 106
1003.png 330 117 106 106
1004.png 324 110 116 116
1005.png 321 109 118 118
1006.png 321 114 110 110
1007.png 324 114 107 107
1008.png 318 111 116 116
1009.png 314 112 109 109
1010.png 312 111 113 113
1011.png 310 118 107 108
1012.png 309 116 109 109
1013.png 302 117 113 113
1014.png 304 121 108 108
1015.png 300 120 108 108
1016.png 295 122 108 108
1017.png 291 124 109 108
1018.png 287 122 112 112
1019.png 285 123 105 105
1020.png 282 121 108 108
1021.png 279 123 109 109
1022.png 283 123 108 107
1023.png 284 122 109 109
1024.png 285 121 111 111
1025.png 289 121 106 106
1026.png 292 124 102 103
1027.png 294 124 103 103
1028.png 292 123 103 103
1029.png 291 121 106 106
1030.png 294 125 99 99
1031.png 292 123 106 106
1032.png 287 118 110 110
1033.png 286 117 114 114
1034.png 292 126 99 99
1035.png 293 120 110 110
1036.png 298 121 107 106
1037.png 299 124 102 102
1038.png 301 120 106 106
1039.png 305 119 109 109
1040.png 307 119 109 109
1041.png 309 118 111 111
1042.png 308 115 114 114
1043.png 306 113 115 114
1044.png 317 116 108 109
1045.png 315 121 109 109
1046.png 319 122 113 112
1047.png 319 122 107 107
1048.png 319 124 106 106
1049.png 316 124 107 107
1050.png 319 123 108 107
1051.png 313 119 113 114
1052.png 314 120 114 113
1053.png 316 119 115 115
1054.png 314 119 116 116
1055.png 314 121 111 112
1056.png 314 121 112 112
1057.png 315 126 107 106
1058.png 319 124 106 107
1059.png 316 126 107 108
1060.png 315 125 107 108
1061.png 316 126 107 108
1062.png 315 124 107 107
1063.png 314 125 108 108
1064.png 314 122 110 110
1065.png 313 121 110 110
1066.png 316 122 109 109
1067.png 311 119 113 113
1068.png 312 119 116 116
1069.png 315 122 110 109
1070.png 314 122 110 110
1071.png 315 125 107 107
1072.png 317 124 108 108
1073.png 313 121 112 112
1074.png 313 119 115 115
1075.png 313 121 112 112
1076.png 312 122 110 110
1077.png 311 119 111 111
1078.png 311 118 111 111
1079.png 313 118 110 111
1080.png 310 117 112 112
1081.png 311 119 109 109
1082.png 307 119 114 113
1083.png 305 118 111 111
1084.png 308 119 110 110
1085.png 302 116 120 120
1086.png 302 115 120 121
1087.png 301 118 118 118
1088.png 302 118 119 118
1089.png 305 118 115 114
1090.png 309 119 110 110
1091.png 305 118 115 114
1092.png 307 119 110 111
1093.png 309 121 109 110
1094.png 312 120 109 110
1095.png 305 119 116 115
1096.png 311 119 116 115
1097.png 308 116 120 120
1098.png 311 116 116 117
1099.png 311 118 112 112
1100.png 313 119 114 114
1101.png 313 118 115 114
1102.png 315 119 112 112
1103.png 314 117 116 117
1104.png 313 117 117 117
1105.png 310 112 124 124
1106.png 311 109 123 123
1107.png 310 109 123 123
1108.png 313 111 119 120
1109.png 315 109 118 117
1110.png 315 109 118 117
1111.png 315 109 117 117
1112.png 311 106 124 123
1113.png 314 104 122 122
1114.png 312 106 126 125
1115.png 310 102 130 130
1116.png 316 105 123 124
1117.png 317 104 127 127
1118.png 320 105 123 123
1119.png 323 108 117 117
1120.png 323 109 114 114
1121.png 322 111 116 116
1122.png 324 111 118 118
1123.png 325 110 118 117
1124.png 320 110 121 120
1125.png 322 108 126 126
1126.png 324 109 125 124
1127.png 329 112 116 116
1128.png 332 114 114 113
1129.png 331 115 111 111
1130.png 329 116 108 108
1131.png 325 114 113 113
1132.png 330 113 111 111
1133.png 330 114 110 110
1134.png 329 113 112 112
1135.png 330 114 109 109
1136.png 327 114 109 110
1137.png 325 114 110 110
1138.png 324 114 109 109
1139.png 324 115 107 107
1140.png 323 115 106 107
1141.png 322 115 108 108
1142.png 324 116 105 105
1143.png 318 114 109 109
1144.png 315 113 112 111
1145.png 312 113 111 111
1146.png 312 116 109 109
1147.png 309 114 114 114
1148.png 309 116 113 113
1149.png 307 116 114 113
1150.png 307 113 117 117
1151.png 305 117 116 115
1152.png 302 115 118 118
1153.png 304 116 115 115
1154.png 306 114 117 117
1155.png 310 117 111 112
1156.png 306 114 117 117
1157.png 309 117 116 116
1158.png 305 113 121 121
1159.png 309 116 116 117
1160.png 311 116 111 111
1161.png 307 114 117 118
1162.png 310 118 119 119
1163.png 307 117 122 123
1164.png 307 115 117 117
1165.png 312 119 112 112
1166.png 311 119 115 115
1167.png 308 117 119 120
1168.png 309 117 117 118
1169.png 309 117 120 120
1170.png 304 114 124 125
1171.png 301 115 118 118
1172.png 300 115 118 118
1173.png 304 114 116 115
1174.png 308 116 114 114
1175.png 306 118 112 112
1176.png 305 117 112 113
1177.png 308 118 112 111
1178.png 308 119 111 112
1179.png 308 122 109 108
1180.png 307 121 110 110
1181.png 307 122 108 107
1182.png 306 119 109 109
1183.png 308 118 109 109
1184.png 308 118 108 107
1185.png 302 115 112 113
1186.png 304 114 112 112
1187.png 302 114 114 114
1188.png 308 113 109 109
1189.png 309 115 107 107
1190.png 305 110 113 114
1191.png 303 110 115 115
1192.png 303 111 113 113
1193.png 307 116 107 107
1194.png 304 116 110 109
1195.png 303 116 109 109
1196.png 303 116 110 110
1197.png 303 118 109 109
1198.png 304 115 111 111
1199.png 301 114 112 112
1200.png 299 107 115 115
1201.png 300 109 115 115
1202.png 302 112 111 111
1203.png 301 114 103 103
1204.png 296 112 110 110
1205.png 301 116 103 103
1206.png 302 118 100 100
1207.png 299 109 108 108
1208.png 300 111 105 105
1209.png 298 108 109 109
1210.png 298 108 109 109
1211.png 300 113 105 105
1212.png 294 109 114 114
1213.png 295 111 112 113
1214.png 297 112 109 109
1215.png 297 113 106 106
1216.png 294 112 111 111
1217.png 295 113 111 111
1218.png 296 113 111 111
1219.png 296 111 113 113
1220.png 296 112 113 112
1221.png 296 111 115 114
1222.png 299 113 108 109
1223.png 299 113 107 107
1224.png 298 113 109 109
1225.png 297 113 110 110
1226.png 299 113 111 110
1227.png 302 111 113 113
1228.png 303 113 112 112
1229.png 302 114 112 111
1230.png 300 110 115 115
1231.png 303 113 112 112
1232.png 307 118 110 110
1233.png 305 117 111 111
1234.png 308 116 112 112
1235.png 308 116 114 113
1236.png 313 120 108 109
1237.png 312 118 113 113
1238.png 315 119 112 111
1239.png 312 118 115 115
1240.png 316 119 113 113
1241.png 317 121 109 109
1242.png 316 122 107 107
1243.png 317 121 108 108
1244.png 317 120 113 113
1245.png 319 120 112 112
1246.png 318 120 111 111
1247.png 319 119 109 109
1248.png 316 115 110 110
1249.png 312 110 119 119
1250.png 311 114 114 115
1251.png 316 118 111 112
1252.png 314 123 106 106
1253.png 312 124 108 108
1254.png 304 121 111 111
1255.png 308 123 108 109
1256.png 303 122 112 113
1257.png 300 122 110 110
1258.png 299 124 109 109
1259.png 292 124 104 104
1260.png 289 123 108 108
1261.png 285 125 101 102
1262.png 286 125 101 101
1263.png 276 124 110 111
1264.png 278 128 111 112
1265.png 281 131 106 106
1266.png 275 131 111 111
1267.png 274 128 119 118
1268.png 277 135 108 109
1269.png 278 132 112 112
1270.png 277 132 112 113
1271.png 276 130 116 116
1272.png 275 131 113 113
1273.png 276 126 115 116
1274.png 276 131 116 115
1275.png 279 129 109 109
1276.png 277 125 108 108
1277.png 285 124 103 103
1278.png 288 130 105 104
1279.png 289 127 112 112
1280.png 291 132 105 104
1281.png 289 133 103 103
1282.png 290 129 103 103
1283.png 283 122 105 105
1284.png 287 120 108 108
1285.png 290 120 105 105
1286.png 289 115 112 111
1287.png 287 115 113 113
1288.png 290 120 106 106
1289.png 293 120 109 109
1290.png 294 121 109 109
1291.png 297 123 105 104
1292.png 296 121 109 108
1293.png 298 121 106 105
1294.png 299 120 102 102
1295.png 299 118 105 105
1296.png 303 117 109 108
1297.png 309 120 109 109
1298.png 308 120 109 108
1299.png 309 120 110 110
1300.png 312 121 106 106
1301.png 314 121 108 108
1302.png 317 121 109 109
1303.png 315 120 111 111
1304.png 316 119 111 111
1305.png 316 118 113 113
1306.png 315 119 113 113
1307.png 314 117 115 114
1308.png 313 119 114 115
1309.png 316 121 113 112
1310.png 317 120 112 112
1311.png 316 120 114 114
1312.png 311 115 122 122
1313.png 311 112 121 121
1314.png 315 115 116 116
1315.png 319 122 109 110
1316.png 320 122 108 107
1317.png 320 118 111 112
1318.png 324 118 111 111
1319.png 325 115 109 109
1320.png 323 115 113 113
1321.png 329 119 109 109
1322.png 330 120 109 109
1323.png 328 117 112 112
1324.png 331 116 113 112
1325.png 335 118 108 108
1326.png 337 115 108 107
1327.png 326 111 123 124
1328.png 338 113 113 114
1329.png 333 110 127 127
1330.png 338 109 129 129
1331.png 349 115 113 113
1332.png 348 120 113 114
1333.png 340 118 119 118
1334.png 334 119 116 116
1335.png 341 124 106 106
1336.png 338 124 108 108
1337.png 341 126 103 104
1338.png 336 129 103 103
1339.png 332 129 106 107
1340.png 330 130 104 104
1341.png 329 131 104 104
1342.png 327 131 101 101
1343.png 320 120 112 112
1344.png 318 119 109 109
1345.png 315 112 115 116
1346.png 314 109 118 117
1347.png 313 110 116 116
1348.png 313 109 118 118
1349.png 319 115 112 112
1350.png 317 114 115 116
1351.png 315 112 116 116
1352.png 312 109 121 120
1353.png 316 110 115 115
1354.png 317 108 116 115
1355.png 315 109 118 118
1356.png 315 114 118 117
1357.png 315 112 113 114
1358.png 313 112 117 117
1359.png 315 112 118 118
1360.png 315 110 121 121
1361.png 317 111 118 118
1362.png 315 110 121 121
1363.png 317 116 117 116
1364.png 318 124 112 112
1365.png 320 124 109 110
1366.png 317 122 111 111
1367.png 319 119 112 113
1368.png 320 120 114 114
1369.png 321 120 111 111
1370.png 318 116 117 117
1371.png 316 117 118 119
1372.png 315 116 120 121
1373.png 315 112 122 122
1374.png 316 112 120 119
1375.png 316 112 120 119
1376.png 317 114 118 118
1377.png 317 112 118 118
1378.png 321 121 110 110
1379.png 320 119 109 110
1380.png 320 126 105 104
1381.png 318 127 104 105
1382.png 315 128 105 105
1383.png 319 127 105 105
1384.png 318 128 106 105
1385.png 317 128 105 105
1386.png 315 128 108 107
1387.png 315 125 108 108
1388.png 313 120 114 114
1389.png 314 127 106 106
1390.png 318 124 103 103
1391.png 315 118 112 113
1392.png 316 117 113 113
1393.png 316 118 114 113
1394.png 317 121 111 112
1395.png 316 124 107 107
1396.png 315 126 105 104
1397.png 314 126 107 107
1398.png 317 120 109 110
1399.png 316 120 110 109
1400.png 316 113 115 115
1401.png 315 111 118 117
1402.png 315 112 116 116
1403.png 315 114 115 115
1404.png 319 121 112 112
1405.png 318 120 109 110
1406.png 320 120 111 112
1407.png 318 117 114 114
1408.png 318 116 116 115
1409.png 325 121 110 110
1410.png 318 119 117 117
1411.png 319 118 117 116
1412.png 317 116 121 121
1413.png 314 115 124 124
1414.png 318 115 124 125
1415.png 316 113 127 127
1416.png 318 114 123 123
1417.png 323 117 114 114
1418.png 318 115 123 123
1419.png 321 118 114 114
1420.png 322 120 114 113
1421.png 324 122 111 111
1422.png 323 122 112 111
1423.png 325 125 105 105
1424.png 325 125 103 104
1425.png 325 125 104 103
1426.png 323 124 107 107
1427.png 322 122 110 110
1428.png 317 122 111 111
1429.png 316 121 110 111
1430.png 317 120 113 113
1431.png 316 123 107 107
1432.png 309 119 114 114
1433.png 312 117 114 115
1434.png 312 121 111 111
1435.png 312 124 105 105
1436.png 313 122 107 107
1437.png 311 126 106 105
1438.png 311 126 105 105
1439.png 309 124 108 108
1440.png 308 122 110 110
1441.png 307 126 106 106
1442.png 308 130 104 103
1443.png 307 126 108 108
1444.png 304 123 111 112
1445.png 305 123 111 111
1446.png 307 124 108 108
1447.png 306 124 109 108
1448.png 306 122 110 110
1449.png 307 123 108 108
1450.png 305 123 108 108
1451.png 307 124 106 106
1452.png 305 123 108 108
1453.png 304 125 106 107
1454.png 303 123 110 110
1455.png 303 125 109 109
1456.png 299 122 110 110
1457.png 302 121 110 110
1458.png 299 122 109 110
1459.png 301 122 111 111
1460.png 305 123 108 108
1461.png 299 124 114 114
1462.png 303 129 108 107
1463.png 310 132 105 104
1464.png 310 132 107 107
1465.png 311 132 106 106
1466.png 309 131 110 110
1467.png 309 131 108 108
1468.png 310 130 110 110
1469.png 306 127 112 112
1470.png 305 125 114 115
1471.png 307 126 114 113
1472.png 310 131 109 109
1473.png 314 133 108 109
1474.png 313 135 107 107
1475.png 314 132 109 109
1476.png 316 133 108 109
1477.png 316 131 108 109
1478.png 316 130 113 113
1479.png 318 133 108 108
1480.png 318 133 107 107
1481.png 318 132 110 109
1482.png 318 131 111 111
1483.png 320 131 110 110
1484.png 320 130 111 111
1485.png 321 130 111 111
1486.png 322 132 110 109
1487.png 321 133 110 110
1488.png 322 132 109 109
1489.png 323 132 107 107
1490.png 323 132 109 109
1491.png 323 130 109 109
1492.png 325 131 108 108
1493.png 324 130 110 109
1494.png 320 129 114 113
1495.png 322 130 109 109
1496.png 323 129 109 109
1497.png 324 129 109 109
1498.png 331 129 104 103
1499.png 327 129 107 106
1500.png 327 127 108 108
1501.png 330 134 102 102
1502.png 327 126 107 106
1503.png 329 128 105 105
1504.png 326 124 108 107
1505.png 326 124 109 109
1506.png 326 129 105 105
1507.png 329 129 105 105
1508.png 328 129 107 108
1509.png 323 133 108 108
1510.png 326 136 105 105
1511.png 326 137 101 100
1512.png 324 134 105 105
1513.png 325 135 101 101
1514.png 320 131 109 108
1515.png 321 128 107 107
1516.png 314 124 114 114
1517.png 316 120 112 112
1518.png 313 117 119 119
1519.png 320 118 114 115
1520.png 316 121 113 113
1521.png 316 121 111 111
1522.png 318 123 109 109
1523.png 317 125 109 108
1524.png 317 121 112 113
1525.png 313 118 114 113
1526.png 310 116 118 117
1527.png 311 113 114 115
1528.png 310 110 118 118
1529.png 310 111 118 119
1530.png 310 112 117 116
1531.png 310 111 118 119
1532.png 312 111 113 113
1533.png 317 112 112 112
1534.png 315 112 112 112
1535.png 314 112 113 113
1536.png 313 112 111 112
1537.png 313 113 110 109
1538.png 315 117 109 110
1539.png 313 117 113 113
1540.png 319 119 111 110
1541.png 321 121 108 107
1542.png 323 121 108 108
1543.png 319 121 110 110
1544.png 320 122 111 110
1545.png 321 123 109 108
1546.png 324 123 109 110
1547.png 321 120 108 108
1548.png 314 115 116 117
1549.png 314 117 113 113
1550.png 316 117 111 111
1551.png 317 116 115 115
1552.png 314 121 113 113
1553.png 312 121 114 114
1554.png 313 120 114 114
1555.png 314 119 114 114
1556.png 314 120 112 112
1557.png 314 120 110 111
1558.png 314 120 108 108
1559.png 311 118 112 111
1560.png 309 118 111 111
1561.png 310 119 110 110
1562.png 303 118 116 115
1563.png 304 119 114 114
1564.png 302 118 114 114
1565.png 306 116 115 115
1566.png 312 119 111 111
1567.png 305 118 113 113
1568.png 308 113 117 117
1569.png 306 113 116 115
1570.png 304 114 112 112
1571.png 302 110 115 115
1572.png 303 108 119 118
1573.png 309 114 109 109
1574.png 308 108 116 116
1575.png 315 106 113 113
1576.png 319 106 113 114
1577.png 327 105 107 107
1578.png 332 104 110 110
1579.png 328 98 119 119
1580.png 330 98 120 119
1581.png 329 100 113 113
1582.png 331 101 109 109
1583.png 335 105 103 103
1584.png 333 105 101 102
1585.png 331 103 105 105
1586.png 335 103 105 105
1587.png 328 105 110 109
1588.png 331 105 105 105
1589.png 323 103 112 112
1590.png 326 103 107 106
1591.png 323 104 112 111
1592.png 332 105 105 106
1593.png 328 103 107 107
1594.png 320 104 113 113
1595.png 324 106 112 111
1596.png 326 105 106 105
1597.png 322 108 107 107
1598.png 325 110 105 106
1599.png 322 110 112 112
1600.png 326 111 112 113
1601.png 325 110 111 111
1602.png 328 111 107 107
1603.png 317 110 116 116
1604.png 317 110 114 114
1605.png 317 108 114 114
1606.png 316 109 113 113
1607.png 313 111 113 113
1608.png 311 110 115 114
1609.png 308 109 116 116
1610.png 310 113 113 113
1611.png 307 108 116 116
1612.png 304 110 115 115
1613.png 301 111 113 113
1614.png 300 110 119 119
1615.png 300 116 112 111
1616.png 299 115 114 115
1617.png 299 118 111 112
1618.png 301 120 108 107
1619.png 302 119 109 108
1620.png 303 119 109 109
1621.png 301 118 109 109
1622.png 304 120 108 108
1623.png 302 118 111 111
1624.png 303 118 108 109
1625.png 301 119 109 109
1626.png 304 120 106 107
1627.png 303 118 109 109
1628.png 302 117 112 111
1629.png 301 118 110 111
1630.png 304 120 108 108
1631.png 302 121 108 108
1632.png 298 119 111 111
1633.png 298 118 112 112
1634.png 296 118 112 112
1635.png 292 116 116 116
1636.png 289 119 111 111
1637.png 289 119 111 111
1638.png 288 119 111 112
1639.png 288 119 111 110
1640.png 290 119 108 109
1641.png 290 119 109 109
1642.png 294 121 107 108
1643.png 294 122 107 106
1644.png 294 124 107 107
1645.png 295 121 109 110
1646.png 298 122 109 110
1647.png 298 121 111 111
1648.png 297 122 108 108
1649.png 301 121 108 109
1650.png 305 121 112 111
1651.png 304 121 111 111
1652.png 309 120 111 112
1653.png 305 120 112 113
1654.png 304 120 113 113
1655.png 303 120 112 112
1656.png 307 121 111 111
1657.png 306 122 114 115
1658.png 304 120 114 115
1659.png 301 123 113 112
1660.png 303 123 109 109
1661.png 306 125 107 107
1662.png 305 125 108 108
1663.png 307 125 105 106
1664.png 311 125 104 104
1665.png 311 123 108 109
1666.png 305 122 111 110
1667.png 307 122 110 110
1668.png 309 123 109 109
1669.png 308 123 109 109
1670.png 308 123 111 111
1671.png 307 121 112 112
1672.png 307 120 113 113
1673.png 307 122 111 111
1674.png 306 122 110 110
1675.png 304 122 108 108
1676.png 305 121 109 109
1677.png 303 124 107 107
1678.png 304 124 106 107
1679.png 298 123 107 106
1680.png 297 123 106 106
1681.png 299 123 108 108
1682.png 295 118 113 113
1683.png 291 118 114 113
1684.png 289 118 114 113
1685.png 288 115 114 113
1686.png 282 114 116 116
1687.png 286 116 111 111
1688.png 285 116 109 110
1689.png 280 114 113 113
1690.png 281 114 112 112
1691.png 279 113 115 115
1692.png 280 113 116 116
1693.png 283 118 111 111
1694.png 278 122 104 104
1695.png 276 114 116 116
1696.png 273 118 112 112
1697.png 273 114 117 117
1698.png 272 113 119 119
1699.png 267 112 120 120
1700.png 270 117 112 112
1701.png 268 113 118 118
1702.png 269 112 118 118
1703.png 273 113 115 115
1704.png 270 113 118 118
1705.png 274 111 117 117
1706.png 276 116 111 110
1707.png 279 112 117 118
1708.png 283 116 108 108
1709.png 285 117 109 109
1710.png 282 119 109 109
1711.png 285 117 109 110
1712.png 288 114 113 112
1713.png 287 116 111 111
1714.png 285 113 115 115
1715.png 287 113 113 113
1716.png 285 113 116 116
1717.png 289 111 117 118
1718.png 288 110 117 118
1719.png 292 112 116 116
1720.png 293 116 114 114
1721.png 298 115 114 114
1722.png 295 113 117 117
1723.png 298 114 120 119
1724.png 299 114 118 119
1725.png 300 117 115 115
1726.png 305 121 112 112
1727.png 306 120 111 111
1728.png 306 120 110 110
1729.png 306 121 110 109
1730.png 307 120 110 110
1731.png 308 121 110 109
1732.png 304 120 113 112
1733.png 304 116 115 116
1734.png 307 119 112 113
1735.png 307 120 114 114
1736.png 309 122 111 111
1737.png 314 125 104 105
1738.png 313 121 109 110
1739.png 311 127 104 104
1740.png 313 122 109 109
1741.png 315 121 110 110
1742.png 312 121 112 112
1743.png 316 124 106 106
1744.png 317 126 105 105
1745.png 315 125 108 108
1746.png 313 122 110 111
1747.png 311 122 111 111
1748.png 311 122 110 110
1749.png 311 117 114 114
1750.png 316 118 111 110
1751.png 315 119 107 107
1752.png 312 115 116 116
1753.png 312 114 118 117
1754.png 315 112 118 118
1755.png 317 113 113 113
1756.png 318 113 109 108
1757.png 316 112 109 110
1758.png 317 109 113 113
1759.png 323 116 107 107
1760.png 321 111 111 111
1761.png 318 112 116 116
1762.png 318 113 116 116
1763.png 322 116 113 113
1764.png 325 124 107 107
1765.png 319 119 113 112
1766.png 317 117 119 119
1767.png 315 115 121 121
1768.png 323 121 114 114
1769.png 324 121 114 114
1770.png 323 122 112 111
1771.png 327 123 108 108
1772.png 323 123 110 110
1773.png 326 126 103 103
1774.png 325 124 105 106
1775.png 328 125 107 107
1776.png 328 127 105 104
1777.png 324 123 113 113
1778.png 325 124 111 112
1779.png 326 125 109 109
1780.png 323 122 111 111
1781.png 325 122 108 109
1782.png 323 122 109 109
1783.png 326 125 105 104
1784.png 327 124 107 107
1785.png 328 126 103 103
1786.png 328 126 108 108
1787.png 324 126 108 108
1788.png 328 131 103 102
1789.png 324 125 107 108
1790.png 323 125 106 106
1791.png 323 123 111 111
1792.png 323 123 108 108
1793.png 319 119 114 113
1794.png 326 123 108 109
1795.png 327 123 110 110
1796.png 327 118 117 116
1797.png 332 121 110 110
1798.png 332 120 113 113
1799.png 336 121 108 109
1800.png 334 122 107 107
1801.png 338 120 110 110
1802.png 337 122 109 109
1803.png 338 121 109 109
1804.png 343 123 105 105
1805.png 343 122 107 107
1806.png 341 121 110 109
1807.png 341 123 107 107
1808.png 341 123 108 108
1809.png 342 120 110 111
1810.png 341 119 111 111
1811.png 339 120 109 109
1812.png 340 120 107 107
1813.png 346 122 104 103
1814.png 343 122 108 107
1815.png 341 121 107 107
1816.png 339 126 104 103
1817.png 340 127 102 102
1818.png 341 125 106 105
1819.png 344 124 103 103
1820.png 337 124 107 107
1821.png 334 122 110 110
1822.png 335 121 110 111
1823.png 333 122 110 110
1824.png 332 124 110 110
1825.png 329 120 113 113
1826.png 330 118 112 112
1827.png 329 119 111 111
1828.png 330 119 113 113
1829.png 331 120 113 113
1830.png 330 122 109 109
1831.png 332 125 106 106
1832.png 324 121 112 112
1833.png 322 119 114 114
1834.png 321 119 116 116
1835.png 316 115 123 123
1836.png 321 119 113 113
1837.png 321 120 111 111
1838.png 320 121 110 110
1839.png 321 122 109 109
1840.png 321 122 110 109
1841.png 314 120 113 113
1842.png 313 120 113 113
1843.png 312 120 114 114
1844.png 310 119 115 114
1845.png 312 121 110 109
1846.png 311 122 112 112
1847.png 311 123 112 112
1848.png 310 121 114 114
1849.png 314 122 113 113
1850.png 314 122 113 113
1851.png 314 124 112 111
1852.png 309 119 117 117
1853.png 314 124 112 111
1854.png 317 129 105 105
1855.png 312 119 113 113
1856.png 312 122 110 110
1857.png 311 120 113 113
1858.png 316 124 110 110
1859.png 317 125 105 105
1860.png 313 120 109 109
1861.png 315 121 108 108
1862.png 308 117 116 116
1863.png 308 119 111 110
1864.png 310 120 112 111
1865.png 311 120 111 110
1866.png 310 119 112 112
1867.png 309 118 114 113
1868.png 310 120 111 111
1869.png 312 123 108 107
1870.png 311 119 111 111
1871.png 315 128 102 102
1872.png 307 120 114 114
1873.png 311 121 110 110
1874.png 312 122 107 106
1875.png 310 120 109 109
1876.png 311 123 111 111
1877.png 308 119 113 113
1878.png 310 118 114 114
1879.png 311 122 106 106
1880.png 302 117 116 117
1881.png 303 119 115 114
1882.png 298 117 117 117
1883.png 301 117 117 117
1884.png 301 119 116 116
1885.png 299 116 119 120
1886.png 302 119 113 113
1887.png 302 118 114 115
1888.png 299 116 117 117
1889.png 299 119 114 114
1890.png 298 117 117 117
1891.png 297 116 119 119
1892.png 300 119 114 113
1893.png 299 115 118 118
1894.png 299 116 116 116
1895.png 299 117 115 114
1896.png 302 117 113 113
1897.png 302 118 113 113
1898.png 299 116 121 121
1899.png 298 116 122 122
1900.png 301 118 118 118
1901.png 303 119 113 113
1902.png 301 118 118 118
1903.png 305 117 115 115
1904.png 302 118 112 112
1905.png 301 115 119 119
1906.png 302 114 121 121
1907.png 307 118 113 113
1908.png 307 119 112 112
1909.png 307 119 114 113
1910.png 307 117 113 113
1911.png 307 116 113 112
1912.png 307 114 115 116
1913.png 308 114 114 114
1914.png 305 110 119 119
1915.png 308 111 115 115
1916.png 307 110 117 118
1917.png 312 114 116 116
1918.png 311 109 121 121
1919.png 310 107 123 123
1920.png 310 107 120 121
1921.png 311 107 119 119
1922.png 311 108 120 120
1923.png 311 107 122 122
1924.png 314 108 118 117
1925.png 314 108 117 117
1926.png 312 107 120 120
1927.png 312 108 120 119
1928.png 314 108 119 119
1929.png 315 108 120 120
1930.png 312 105 124 124
1931.png 314 106 122 122
1932.png 317 110 116 116
1933.png 319 110 113 113
1934.png 322 113 108 108
1935.png 324 116 105 105
1936.png 321 112 111 111
1937.png 323 113 110 110
1938.png 323 113 110 110
1939.png 323 113 110 110
1940.png 321 113 111 111
1941.png 321 112 111 111
1942.png 322 112 109 109
1943.png 316 109 118 118
1944.png 319 111 117 116
1945.png 318 110 118 118
1946.png 318 108 118 119
1947.png 321 111 115 114
1948.png 321 112 113 112
1949.png 319 108 119 118
1950.png 318 106 120 121
1951.png 321 111 116 115
1952.png 322 110 115 115
1953.png 323 112 110 110
1954.png 325 113 108 108
1955.png 322 112 110 110
1956.png 323 113 109 108
1957.png 323 113 109 108
1958.png 324 116 106 106
1959.png 325 115 105 106
1960.png 327 116 107 106
1961.png 326 115 107 108
1962.png 316 109 120 120
1963.png 312 107 123 123
1964.png 317 112 117 117
1965.png 316 112 119 119
1966.png 318 117 113 113
1967.png 314 116 121 121
1968.png 315 117 116 116
1969.png 316 115 116 116
1970.png 313 123 112 111
1971.png 313 123 111 111
1972.png 312 121 113 113
1973.png 314 121 113 113
1974.png 312 122 112 111
1975.png 309 122 111 111
1976.png 313 121 110 110
1977.png 313 123 108 107
1978.png 310 121 112 112
1979.png 309 121 111 111
1980.png 311 121 112 112
1981.png 311 126 108 107
1982.png 311 124 109 109
1983.png 310 122 110 110
1984.png 307 122 111 110
1985.png 306 122 109 109
1986.png 305 122 111 111
1987.png 301 122 111 111
1988.png 300 123 109 109
1989.png 295 120 113 113
1990.png 292 122 113 112
1991.png 290 119 113 113
1992.png 286 118 116 116
1993.png 287 120 112 113
1994.png 285 118 114 114
1995.png 287 116 113 114
1996.png 283 115 116 116
1997.png 290 120 105 105
1998.png 287 115 112 112
1999.png 287 114 116 115
2000.png 285 114 116 115
2001.png 287 115 114 114
2002.png 288 116 114 114
2003.png 290 116 116 116
2004.png 289 116 114 114
2005.png 295 119 109 109
2006.png 295 118 113 112
2007.png 295 115 113 113
2008.png 294 115 113 113
2009.png 295 116 114 115
2010.png 298 116 114 115
2011.png 298 117 114 114
2012.png 298 118 113 113
2013.png 302 119 110 110
2014.png 299 118 114 114
2015.png 304 119 110 111
2016.png 304 119 111 112
2017.png 306 119 111 110
2018.png 306 120 110 110
2019.png 302 118 112 112
2020.png 301 118 112 113
2021.png 302 118 112 112
2022.png 302 118 112 112
2023.png 300 117 114 114
2024.png 301 118 112 113
2025.png 302 119 112 111
2026.png 300 118 112 112
2027.png 301 118 112 113
2028.png 303 119 111 111
2029.png 304 118 111 111
2030.png 302 119 112 111
2031.png 305 119 108 108
2032.png 304 119 110 110
2033.png 304 120 110 110
2034.png 304 120 110 110
2035.png 304 119 110 110
2036.png 303 119 111 110
2037.png 305 121 109 109
2038.png 300 118 114 114
2039.png 300 122 113 113
2040.png 304 121 112 112
2041.png 303 122 110 110
2042.png 307 125 108 108
2043.png 310 124 105 106
2044.png 310 125 106 105
2045.png 308 124 106 107
2046.png 307 121 113 113
2047.png 309 122 108 108
2048.png 310 123 107 107
2049.png 309 121 109 109
2050.png 307 121 111 112
2051.png 309 122 110 109
2052.png 308 121 111 111
2053.png 312 122 109 109
2054.png 311 122 109 109
2055.png 313 121 111 111
2056.png 311 122 110 110
2057.png 308 122 110 110
2058.png 310 122 110 110
2059.png 309 122 110 109
2060.png 311 123 108 108
2061.png 311 123 108 108
2062.png 308 121 111 111
2063.png 308 122 109 108
2064.png 312 123 106 107
2065.png 309 122 110 110
2066.png 308 121 111 112
2067.png 311 122 109 108
2068.png 310 123 107 107
2069.png 310 123 107 107
2070.png 308 122 109 108
2071.png 309 121 109 109
2072.png 310 121 110 110
2073.png 312 122 107 108
2074.png 309 121 109 110
2075.png 310 122 108 108
2076.png 310 122 108 108
2077.png 309 122 109 109
2078.png 310 122 108 108
2079.png 309 122 111 111
2080.png 311 122 109 110
2081.png 311 123 111 111
2082.png 312 121 113 113
2083.png 311 122 112 111
2084.png 312 123 111 111
2085.png 313 123 111 111
2086.png 314 122 110 110
2087.png 315 122 109 110
2088.png 315 122 110 110
2089.png 316 123 110 110
2090.png 314 124 110 110
2091.png 314 123 109 110
2092.png 320 124 107 107
2093.png 318 123 109 110
2094.png 317 122 111 110
2095.png 317 122 111 110
2096.png 322 124 107 108
2097.png 318 124 109 109
2098.png 313 123 110 111
2099.png 312 123 110 110
2100.png 320 121 110 110
2101.png 315 121 110 110
2102.png 317 122 110 110
2103.png 316 122 109 109
2104.png 315 122 109 109
2105.png 320 124 107 107
2106.png 316 124 107 107
2107.png 320 124 106 106
2108.png 321 124 106 106
2109.png 319 122 108 109
2110.png 321 124 106 106
2111.png 318 123 108 108
2112.png 316 124 107 107
2113.png 316 124 107 108
2114.png 318 124 107 108
2115.png 316 124 107 108
2116.png 316 122 109 109
2117.png 314 121 111 111
2118.png 315 121 110 110
2119.png 314 120 111 111
2120.png 314 120 111 111
2121.png 314 122 109 109
2122.png 313 122 110 110
2123.png 312 121 113 113
2124.png 313 121 112 112
2125.png 311 122 112 111
2126.png 312 121 113 113
2127.png 314 121 113 113
2128.png 313 121 113 113
2129.png 312 121 113 113
2130.png 311 122 112 111
2131.png 311 122 112 111
2132.png 311 122 112 111
2133.png 311 122 112 111
2134.png 311 122 112 111
2135.png 313 121 112 112
2136.png 311 122 112 111
2137.png 314 122 112 112
2138.png 312 121 113 113
2139.png 312 122 112 112
2140.png 315 124 109 108
2141.png 313 124 110 109
2142.png 313 124 110 109
2143.png 313 124 110 109
2144.png 315 123 110 110
2145.png 315 124 108 108
2146.png 314 125 108 108
2147.png 315 125 108 108
2148.png 315 124 109 109
2149.png 316 125 107 107
