0001.png 319 433 126 240
0002.png 319 427 127 235
0003.png 316 420 130 234
0004.png 315 421 129 235
0005.png 319 424 128 233
0006.png 316 424 127 235
0007.png 317 426 128 238
0008.png 315 425 127 238
0009.png 316 429 127 239
0010.png 315 427 128 239
0011.png 318 431 125 239
0012.png 318 430 126 239
0013.png 318 430 126 239
0014.png 318 430 127 239
0015.png 318 430 126 239
0016.png 315 429 127 240
0017.png 317 431 125 240
0018.png 318 426 127 236
0019.png 318 430 127 239
0020.png 318 430 127 239
0021.png 317 428 127 239
0022.png 318 428 127 236
0023.png 317 428 127 237
0024.png 318 425 127 235
0025.png 314 426 126 238
0026.png 315 428 126 239
0027.png 317 428 126 237
0028.png 317 427 126 236
0029.png 318 429 125 236
0030.png 321 429 123 232
0031.png 320 428 123 231
0032.png 312 425 121 234
0033.png 313 428 120 234
0034.png 313 424 120 232
0035.png 314 426 120 232
0036.png 313 424 123 234
0037.png 312 423 120 231
0038.png 313 424 122 233
0039.png 310 423 120 232
0040.png 312 423 120 231
0041.png 309 418 122 230
0042.png 310 422 120 232
0043.png 311 418 123 230
0044.png 311 421 123 233
0045.png 311 424 122 234
0046.png 314 428 122 236
0047.png 315 426 121 232
0048.png 315 430 118 234
0049.png 316 429 119 232
0050.png 315 428 118 231
0051.png 315 428 118 231
0052.png 315 428 118 231
0053.png 318 425 122 228
0054.png 312 429 115 231
0055.png 316 429 117 231
0056.png 314 433 111 231
0057.png 320 436 116 232
0058.png 319 433 114 228
0059.png 313 431 112 230
0060.png 315 435 111 232
0061.png 318 438 110 230
0062.png 317 435 111 229
0063.png 316 436 110 230
0064.png 316 435 112 230
0065.png 317 435 112 230
0066.png 317 435 112 230
0067.png 318 436 112 230
0068.png 318 436 112 230
0069.png 315 435 111 231
0070.png 316 434 113 231
0071.png 316 434 113 231
0072.png 316 434 115 233
0073.png 316 434 115 233
0074.png 316 434 114 233
0075.png 318 434 116 232
0076.png 315 434 115 233
0077.png 313 434 115 235
0078.png 313 434 115 235
0079.png 316 434 117 235
0080.png 316 434 117 235
0081.png 321 430 120 229
0082.png 318 427 120 230
0083.png 320 429 121 230
0084.png 324 430 124 230
0085.png 320 427 124 231
0086.png 315 425 122 231
0087.png 315 427 121 233
0088.png 314 425 118 229
0089.png 311 424 118 231
0090.png 314 423 118 228
0091.png 308 422 116 231
0092.png 307 418 119 230
0093.png 306 418 119 231
0094.png 311 428 116 233
0095.png 314 429 118 232
0096.png 313 429 117 233
0097.png 314 429 118 233
0098.png 317 428 120 232
0099.png 317 428 121 232
0100.png 316 426 121 231
0101.png 316 422 126 232
0102.png 316 425 123 232
0103.png 313 427 120 234
0104.png 313 427 123 237
0105.png 313 431 120 238
0106.png 316 433 120 238
0107.png 315 431 121 237
0108.png 315 433 119 237
0109.png 315 430 120 235
0110.png 313 431 120 238
0111.png 312 430 119 237
0112.png 315 429 119 234
0113.png 314 426 121 233
0114.png 315 427 120 232
0115.png 313 423 121 231
0116.png 316 424 123 231
0117.png 316 427 122 232
0118.png 314 423 122 232
0119.png 310 421 119 231
0120.png 309 421 119 231
0121.png 309 418 121 229
0122.png 310 419 121 230
0123.png 308 417 122 230
0124.png 312 421 120 229
0125.png 312 422 120 230
0126.png 308 419 121 232
0127.png 314 423 122 231
0128.png 317 428 119 230
0129.png 316 429 119 231
0130.png 319 432 117 230
0131.png 318 431 119 232
0132.png 316 432 116 233
0133.png 312 429 116 232
0134.png 314 427 116 229
0135.png 311 428 114 230
0136.png 311 428 114 230
0137.png 316 432 114 231
0138.png 315 429 118 232
0139.png 318 431 116 229
0140.png 319 431 117 229
0141.png 316 429 116 229
0142.png 315 425 120 230
0143.png 318 425 122 229
0144.png 314 420 123 229
0145.png 320 426 123 229
0146.png 320 426 123 229
0147.png 320 427 122 229
0148.png 320 427 122 229
0149.png 319 425 122 229
0150.png 318 431 119 232
0151.png 317 429 120 231
0152.png 316 428 120 232
0153.png 316 428 120 232
0154.png 317 426 122 231
0155.png 317 425 122 230
0156.png 317 425 122 230
0157.png 318 426 124 231
0158.png 314 425 122 232
0159.png 311 421 122 232
0160.png 312 419 124 231
0161.png 314 420 123 229
0162.png 313 420 123 229
0163.png 313 421 122 230
0164.png 310 419 122 230
0165.png 310 423 120 233
0166.png 310 423 120 233
0167.png 311 423 119 230
0168.png 313 426 118 231
0169.png 308 425 116 232
0170.png 306 424 113 231
0171.png 307 422 115 230
0172.png 305 426 112 233
0173.png 302 424 111 232
0174.png 303 424 114 234
0175.png 305 426 112 233
0176.png 309 427 114 231
0177.png 312 424 118 230
0178.png 314 427 118 231
0179.png 314 427 120 232
0180.png 314 427 120 232
0181.png 314 427 120 232
0182.png 314 426 120 233
0183.png 313 427 119 233
0184.png 313 429 119 235
0185.png 314 428 119 233
0186.png 311 426 119 233
0187.png 314 427 120 232
0188.png 316 432 121 237
0189.png 316 429 121 234
0190.png 317 430 121 234
0191.png 317 428 122 233
0192.png 319 429 123 233
0193.png 316 424 125 233
0194.png 317 427 122 232
0195.png 314 426 122 233
0196.png 316 426 121 231
0197.png 314 425 120 232
0198.png 314 425 120 232
0199.png 313 425 120 233
0200.png 315 424 122 231
0201.png 313 421 123 231
0202.png 315 425 122 232
0203.png 312 422 122 232
0204.png 315 424 123 232
0205.png 314 424 122 232
0206.png 312 421 123 232
0207.png 317 428 122 233
0208.png 318 427 123 232
0209.png 319 430 120 232
0210.png 318 431 118 231
0211.png 318 428 120 230
0212.png 317 431 117 232
0213.png 317 434 117 234
0214.png 317 434 117 234
0215.png 315 430 118 234
0216.png 320 434 119 233
0217.png 319 427 121 229
0218.png 316 428 121 233
0219.png 316 429 120 233
0220.png 317 427 123 233
0221.png 319 432 121 234
0222.png 318 429 121 231
0223.png 317 430 120 233
0224.png 323 434 121 232
0225.png 323 432 122 231
0226.png 318 429 121 231
0227.png 316 430 118 232
0228.png 316 429 119 232
0229.png 314 427 120 232
0230.png 312 423 120 231
0231.png 310 420 121 231
0232.png 308 421 118 231
0233.png 307 421 117 231
0234.png 311 425 116 230
0235.png 310 420 120 230
0236.png 314 423 121 230
0237.png 312 426 117 231
0238.png 313 427 118 232
0239.png 313 423 120 230
0240.png 315 420 124 229
0241.png 317 419 128 230
0242.png 316 420 125 230
0243.png 311 423 120 232
0244.png 308 422 119 234
0245.png 307 420 116 229
0246.png 311 419 121 228
0247.png 309 413 128 231
0248.png 308 415 125 232
0249.png 307 414 125 232
0250.png 308 416 124 233
0251.png 308 416 124 232
0252.png 301 413 119 231
0253.png 300 413 118 231
0254.png 301 411 117 227
0255.png 299 410 116 227
0256.png 299 412 116 229
0257.png 298 412 116 229
0258.png 299 410 117 227
0259.png 300 408 119 228
0260.png 299 405 121 227
0261.png 300 406 124 229
0262.png 304 409 127 232
0263.png 302 412 123 233
0264.png 301 406 124 229
0265.png 300 411 119 230
0266.png 303 414 119 230
0267.png 305 415 119 229
0268.png 308 417 120 229
0269.png 306 414 118 226
0270.png 306 418 117 229
0271.png 308 419 118 228
0272.png 310 416 121 228
0273.png 310 423 117 231
0274.png 306 424 113 232
0275.png 307 422 113 228
0276.png 312 417 116 221
0277.png 312 420 115 223
0278.png 313 426 114 228
0279.png 312 426 112 227
0280.png 313 428 113 228
0281.png 312 429 114 230
0282.png 314 428 115 229
0283.png 316 431 114 230
0284.png 318 431 114 228
0285.png 319 432 113 226
0286.png 324 431 116 224
0287.png 326 433 117 224
0288.png 323 431 113 221
0289.png 321 431 115 225
0290.png 321 431 115 225
0291.png 321 433 113 225
0292.png 325 431 115 221
0293.png 322 432 114 224
0294.png 322 432 114 224
0295.png 322 432 114 224
0296.png 321 435 111 225
0297.png 326 433 119 227
0298.png 324 430 121 227
0299.png 324 430 120 225
0300.png 326 435 117 226
0301.png 324 431 117 224
0302.png 317 429 115 226
0303.png 317 433 114 230
0304.png 316 429 114 226
0305.png 316 429 116 229
0306.png 309 422 115 228
0307.png 304 417 118 230
0308.png 298 407 121 230
0309.png 292 399 122 230
0310.png 285 393 126 234
0311.png 288 392 130 234
0312.png 284 392 131 238
0313.png 280 392 130 242
0314.png 283 388 133 239
0315.png 282 395 133 246
0316.png 283 391 136 243
0317.png 283 384 141 242
0318.png 278 383 144 249
0319.png 284 390 140 246
0320.png 283 388 135 240
0321.png 274 397 126 249
0322.png 280 390 132 243
0323.png 280 390 133 243
0324.png 282 388 135 240
0325.png 290 391 139 241
0326.png 288 391 138 241
0327.png 288 388 137 238
0328.png 286 387 136 238
0329.png 277 386 133 243
0330.png 275 388 131 244
0331.png 274 380 134 240
0332.png 274 390 128 244
0333.png 274 387 127 240
0334.png 274 385 131 242
0335.png 275 389 129 243
0336.png 278 395 127 243
0337.png 276 386 128 238
0338.png 282 392 125 235
0339.png 285 391 128 234
0340.png 291 393 131 234
0341.png 289 402 127 240
0342.png 299 406 131 238
0343.png 303 408 130 235
0344.png 309 418 130 239
0345.png 311 425 122 236
0346.png 311 429 120 238
0347.png 318 432 121 235
0348.png 328 430 125 227
0349.png 328 436 122 230
0350.png 327 439 122 234
0351.png 328 438 121 232
0352.png 328 444 120 236
0353.png 328 442 119 234
0354.png 329 445 119 235
0355.png 331 448 116 232
0356.png 334 450 116 232
0357.png 333 449 117 233
0358.png 340 446 117 223
0359.png 342 450 117 226
0360.png 341 449 119 227
0361.png 338 453 117 232
0362.png 341 452 119 230
0363.png 343 453 120 230
0364.png 345 454 119 227
0365.png 344 452 120 228
0366.png 347 454 120 227
0367.png 346 454 119 227
0368.png 347 460 117 230
0369.png 345 457 115 227
0370.png 347 456 116 226
0371.png 346 456 114 224
0372.png 344 449 117 221
0373.png 345 450 115 220
0374.png 344 456 114 226
0375.png 352 461 117 226
0376.png 348 461 111 224
0377.png 354 461 113 220
0378.png 356 468 112 224
0379.png 357 471 112 227
0380.png 355 471 112 228
0381.png 354 466 111 223
0382.png 353 473 111 231
0383.png 355 471 112 228
0384.png 355 468 112 225
0385.png 348 465 109 225
0386.png 347 457 111 221
0387.png 347 460 110 223
0388.png 354 462 112 220
0389.png 351 458 114 221
0390.png 342 456 111 224
0391.png 340 454 108 222
0392.png 344 452 111 219
0393.png 340 452 111 223
0394.png 338 454 109 225
0395.png 332 448 110 226
0396.png 333 446 111 224
0397.png 330 439 112 221
0398.png 329 434 115 220
0399.png 324 433 113 221
0400.png 326 435 113 223
0401.png 319 430 113 224
0402.png 318 431 112 225
0403.png 314 432 109 227
0404.png 315 425 114 224
0405.png 312 431 111 230
0406.png 313 429 113 228
0407.png 314 426 115 227
0408.png 309 425 114 229
0409.png 311 423 114 227
0410.png 309 423 114 228
0411.png 308 418 115 224
0412.png 304 416 118 230
0413.png 310 418 123 231
0414.png 306 416 123 234
0415.png 304 411 126 233
0416.png 305 411 126 233
0417.png 298 406 123 231
0418.png 301 412 120 231
0419.png 297 409 117 229
0420.png 294 406 114 226
0421.png 291 407 110 227
0422.png 296 409 113 227
0423.png 296 409 114 228
0424.png 294 407 114 227
0425.png 296 409 116 229
0426.png 293 406 115 228
0427.png 295 408 114 227
0428.png 291 405 112 226
0429.png 293 407 112 227
0430.png 293 407 112 227
0431.png 295 410 113 227
0432.png 296 405 120 228
0433.png 295 407 116 229
0434.png 298 409 117 228
0435.png 299 413 116 230
0436.png 301 412 119 229
0437.png 301 414 116 229
0438.png 301 415 118 232
0439.png 302 415 119 232
0440.png 302 416 119 232
0441.png 307 420 120 233
0442.png 305 419 120 234
0443.png 311 420 124 233
0444.png 311 422 125 236
0445.png 307 423 124 240
0446.png 305 421 124 240
0447.png 305 421 124 240
0448.png 304 420 123 239
0449.png 309 420 124 235
0450.png 308 416 123 231
0451.png 305 419 120 234
0452.png 307 420 121 234
0453.png 309 421 122 234
0454.png 311 417 124 230
0455.png 311 417 123 229
0456.png 311 421 122 232
0457.png 311 420 122 231
0458.png 311 420 122 230
0459.png 310 420 121 230
0460.png 309 420 120 232
0461.png 309 420 120 232
0462.png 312 419 122 229
0463.png 312 421 123 231
0464.png 310 420 121 231
0465.png 305 416 121 232
0466.png 308 419 121 232
0467.png 309 424 120 235
0468.png 312 425 120 233
0469.png 317 429 122 233
0470.png 316 427 122 234
0471.png 315 427 121 233
0472.png 318 429 122 232
0473.png 318 428 122 232
0474.png 319 431 121 233
0475.png 319 430 122 233
0476.png 318 427 121 231
0477.png 319 428 121 230
0478.png 317 428 121 232
0479.png 318 430 121 233
0480.png 316 428 121 233
0481.png 316 426 121 231
0482.png 313 424 121 232
0483.png 314 424 122 232
0484.png 315 426 122 232
0485.png 316 426 123 233
0486.png 317 427 123 233
0487.png 315 425 123 233
0488.png 320 427 123 231
0489.png 317 426 123 232
0490.png 319 428 124 232
0491.png 317 424 125 231
0492.png 318 426 125 234
0493.png 314 421 126 233
0494.png 314 421 126 233
0495.png 317 423 126 232
0496.png 315 425 126 236
0497.png 314 425 125 236
0498.png 320 430 126 236
0499.png 316 422 127 233
0500.png 315 424 126 235
0501.png 316 422 125 231
0502.png 318 426 122 231
0503.png 318 431 121 234
0504.png 311 423 121 233
0505.png 313 424 121 232
0506.png 311 419 123 231
0507.png 312 420 122 231
0508.png 310 417 123 229
0509.png 312 416 123 227
0510.png 309 419 122 232
0511.png 313 419 123 229
0512.png 312 420 122 230
0513.png 311 419 121 229
0514.png 312 423 120 232
0515.png 314 423 122 230
0516.png 313 422 120 229
0517.png 315 425 120 230
0518.png 314 422 120 229
0519.png 317 423 122 228
0520.png 313 426 121 233
0521.png 313 427 118 232
0522.png 311 428 116 232
0523.png 312 426 119 233
0524.png 311 423 119 232
0525.png 311 423 121 233
0526.png 310 426 118 234
0527.png 311 430 113 233
0528.png 310 427 116 232
0529.png 312 426 121 235
0530.png 310 432 116 238
0531.png 313 424 121 232
0532.png 312 421 122 231
0533.png 310 423 120 233
0534.png 312 421 121 229
0535.png 312 421 121 229
0536.png 313 423 121 231
0537.png 313 423 121 231
0538.png 307 423 117 233
0539.png 309 420 118 229
0540.png 307 418 117 228
0541.png 309 424 116 230
0542.png 306 424 113 231
0543.png 304 424 113 232
0544.png 302 425 109 232
0545.png 304 424 110 230
0546.png 304 422 109 228
0547.png 299 416 109 226
0548.png 298 422 107 231
0549.png 303 418 110 225
0550.png 300 419 109 228
0551.png 296 423 106 233
0552.png 298 419 109 229
0553.png 295 422 105 232
0554.png 297 419 104 225
0555.png 296 420 103 227
0556.png 297 417 105 224
0557.png 293 419 102 228
0558.png 295 418 106 229
0559.png 295 415 104 224
0560.png 293 414 105 225
0561.png 293 416 103 225
0562.png 297 413 105 221
0563.png 297 413 103 220
0564.png 295 422 100 227
0565.png 299 419 103 223
0566.png 296 423 103 231
0567.png 301 422 106 227
0568.png 309 419 119 229
0569.png 305 422 106 222
0570.png 313 419 114 220
0571.png 309 422 113 226
0572.png 311 421 115 225
0573.png 309 424 112 226
0574.png 314 425 117 228
0575.png 310 425 113 228
0576.png 311 426 113 228
0577.png 311 426 113 228
0578.png 314 425 117 228
0579.png 313 426 117 230
0580.png 312 425 117 230
0581.png 312 425 117 230
0582.png 314 428 118 232
0583.png 310 422 118 230
0584.png 313 428 117 231
0585.png 315 427 118 229
0586.png 315 429 117 231
0587.png 315 438 111 235
0588.png 314 434 113 233
0589.png 314 438 112 236
0590.png 314 435 113 233
0591.png 314 432 112 230
0592.png 312 429 112 229
0593.png 311 433 110 231
0594.png 304 432 106 234
0595.png 308 430 107 230
0596.png 312 435 107 230
0597.png 309 430 109 230
0598.png 314 429 110 226
0599.png 313 428 110 226
0600.png 314 428 110 224
0601.png 314 430 109 224
0602.png 313 425 111 223
0603.png 312 427 110 225
0604.png 315 431 109 225
0605.png 312 433 109 230
0606.png 312 432 108 228
0607.png 313 431 109 228
0608.png 312 430 111 229
0609.png 313 427 112 226
0610.png 314 425 114 226
0611.png 315 426 112 224
0612.png 316 427 113 223
0613.png 313 424 113 224
0614.png 313 426 112 224
0615.png 316 424 112 221
0616.png 316 424 112 221
0617.png 314 426 110 222
0618.png 317 429 112 224
0619.png 313 434 108 228
0620.png 320 432 110 223
0621.png 319 434 111 226
0622.png 318 436 108 227
0623.png 314 434 109 229
0624.png 315 437 108 230
0625.png 317 434 114 230
0626.png 318 434 115 231
0627.png 319 433 117 231
0628.png 315 437 113 235
0629.png 315 434 116 234
0630.png 321 429 120 228
0631.png 319 429 120 231
0632.png 313 427 120 235
0633.png 311 420 122 231
0634.png 312 416 123 228
0635.png 309 416 121 229
0636.png 303 414 119 229
0637.png 298 406 119 227
0638.png 293 401 119 227
0639.png 290 391 125 226
0640.png 286 389 123 226
0641.png 277 391 116 230
0642.png 275 389 117 231
0643.png 275 391 118 234
0644.png 278 390 121 233
0645.png 279 387 123 232
0646.png 278 384 124 230
0647.png 279 387 123 232
0648.png 279 387 123 232
0649.png 281 391 122 232
0650.png 278 388 121 230
0651.png 277 387 120 230
0652.png 279 384 123 228
0653.png 282 386 123 227
0654.png 283 387 125 229
0655.png 279 387 125 233
0656.png 280 388 122 230
0657.png 277 387 119 229
0658.png 277 388 120 231
0659.png 285 388 123 226
0660.png 287 391 122 226
0661.png 288 393 120 226
0662.png 290 401 118 229
0663.png 296 410 116 230
0664.png 296 411 114 229
0665.png 298 414 115 231
0666.png 306 417 116 227
0667.png 307 420 116 229
0668.png 308 421 118 231
0669.png 312 426 117 231
0670.png 316 429 119 232
0671.png 318 430 119 231
0672.png 318 428 123 233
0673.png 320 431 122 233
0674.png 323 432 122 231
0675.png 327 436 121 230
0676.png 328 440 120 232
0677.png 326 439 119 232
0678.png 329 444 119 233
0679.png 335 441 123 229
0680.png 332 441 123 232
0681.png 330 442 122 233
0682.png 332 441 123 232
0683.png 333 441 123 230
0684.png 332 445 121 234
0685.png 330 446 121 237
0686.png 330 444 123 237
0687.png 325 437 124 235
0688.png 327 441 124 238
0689.png 327 438 124 235
0690.png 328 442 124 238
0691.png 329 440 125 236
0692.png 327 439 124 235
0693.png 328 442 124 238
0694.png 326 435 129 238
0695.png 326 437 127 238
0696.png 325 436 129 239
0697.png 329 435 132 238
0698.png 324 432 132 239
0699.png 321 432 129 241
0700.png 321 432 129 240
0701.png 320 432 127 240
0702.png 322 430 126 234
0703.png 320 429 124 234
0704.png 321 431 124 234
0705.png 318 428 123 233
0706.png 318 423 125 230
0707.png 314 418 125 229
0708.png 316 415 128 227
0709.png 317 417 127 227
0710.png 317 420 127 230
0711.png 315 419 126 230
0712.png 313 420 124 231
0713.png 308 419 121 231
0714.png 310 419 121 231
0715.png 310 421 121 231
0716.png 312 421 121 230
0717.png 311 422 121 232
0718.png 314 427 120 233
0719.png 313 424 122 233
0720.png 314 426 120 232
0721.png 316 427 121 232
0722.png 315 426 121 233
0723.png 318 428 122 232
0724.png 315 426 122 233
0725.png 315 428 121 234
0726.png 313 427 120 234
0727.png 315 430 120 234
0728.png 317 430 123 236
0729.png 315 430 119 235
0730.png 314 429 118 234
0731.png 316 429 120 232
0732.png 317 429 119 231
0733.png 319 426 123 230
0734.png 319 429 121 231
0735.png 317 428 120 232
0736.png 314 426 120 232
0737.png 313 426 120 233
0738.png 313 426 120 233
0739.png 313 425 121 233
0740.png 313 426 121 234
0741.png 313 426 121 234
0742.png 313 426 121 234
0743.png 313 426 121 234
0744.png 313 425 122 234
0745.png 313 426 121 234
0746.png 314 425 121 233
0747.png 311 424 121 234
0748.png 309 423 120 234
0749.png 310 425 119 233
0750.png 309 421 121 232
0751.png 311 419 122 230
0752.png 307 417 121 231
0753.png 307 416 121 230
0754.png 306 421 120 235
0755.png 308 417 123 231
0756.png 310 418 123 231
0757.png 310 421 122 232
0758.png 305 417 120 232
0759.png 303 415 120 232
0760.png 303 415 121 233
0761.png 304 415 122 233
0762.png 302 412 121 231
0763.png 302 413 123 233
0764.png 302 408 125 230
0765.png 302 408 125 230
0766.png 301 408 123 230
0767.png 297 405 122 230
0768.png 302 408 123 230
0769.png 301 410 122 231
0770.png 301 410 122 231
0771.png 301 409 123 231
0772.png 300 413 122 235
0773.png 301 414 120 233
0774.png 301 414 119 232
0775.png 304 418 120 233
0776.png 303 413 121 231
0777.png 301 414 119 232
0778.png 304 414 120 230
0779.png 304 414 117 227
0780.png 307 416 119 229
0781.png 307 417 118 228
0782.png 313 423 118 229
0783.png 307 423 115 231
0784.png 307 419 118 230
0785.png 305 420 113 227
0786.png 308 419 112 223
0787.png 313 426 112 225
0788.png 314 426 114 225
0789.png 313 424 114 225
0790.png 312 426 114 227
0791.png 315 425 116 226
0792.png 310 429 112 230
0793.png 313 429 116 232
0794.png 317 428 116 228
0795.png 320 431 119 230
0796.png 319 428 118 228
0797.png 318 431 116 229
0798.png 317 433 118 233
0799.png 314 428 118 232
0800.png 315 430 118 233
0801.png 315 432 118 234
0802.png 315 432 118 234
0803.png 317 430 118 232
0804.png 315 432 116 232
0805.png 318 431 117 230
0806.png 321 433 119 230
0807.png 322 435 119 231
0808.png 322 435 119 231
0809.png 321 435 120 234
0810.png 320 436 118 233
0811.png 321 436 117 233
0812.png 319 438 116 235
0813.png 321 434 121 233
0814.png 324 436 121 234
0815.png 322 438 118 234
0816.png 322 438 118 234
0817.png 322 437 118 233
0818.png 320 439 117 236
0819.png 319 435 119 234
0820.png 318 435 117 234
0821.png 322 437 118 233
0822.png 323 432 123 232
0823.png 318 431 121 234
0824.png 322 433 122 232
0825.png 318 427 122 232
0826.png 316 428 122 233
0827.png 316 428 122 233
0828.png 316 426 123 233
0829.png 320 424 128 232
0830.png 313 420 126 233
0831.png 311 420 126 235
0832.png 306 420 123 237
0833.png 309 421 123 235
0834.png 312 422 123 233
0835.png 310 421 124 234
0836.png 309 419 123 233
0837.png 304 412 127 235
0838.png 306 413 128 235
0839.png 308 413 129 234
0840.png 306 417 124 235
0841.png 305 414 126 235
0842.png 311 421 124 233
0843.png 309 418 123 232
0844.png 309 419 124 233
0845.png 306 422 121 237
0846.png 309 420 125 236
0847.png 306 417 124 235
0848.png 302 420 120 238
0849.png 307 421 123 237
0850.png 306 417 126 236
0851.png 309 416 128 235
0852.png 308 415 128 235
0853.png 309 417 125 233
0854.png 309 419 122 232
0855.png 311 416 126 231
0856.png 312 423 122 233
0857.png 314 422 122 231
0858.png 312 423 121 232
0859.png 311 424 120 232
0860.png 310 421 121 231
0861.png 312 423 121 232
0862.png 315 427 121 232
0863.png 314 423 120 229
0864.png 313 424 119 231
0865.png 313 425 120 233
0866.png 310 423 118 232
0867.png 310 425 117 231
0868.png 310 425 118 232
0869.png 317 428 120 231
0870.png 312 425 119 231
0871.png 317 429 118 230
0872.png 321 434 119 232
0873.png 319 431 119 231
0874.png 318 430 117 230
0875.png 323 432 121 229
0876.png 322 431 121 230
0877.png 323 431 121 229
0878.png 321 435 117 231
0879.png 320 434 116 230
0880.png 324 435 121 232
0881.png 316 436 116 237
0882.png 316 436 116 237
0883.png 315 437 114 236
0884.png 317 435 117 235
0885.png 317 435 117 235
0886.png 319 436 118 235
0887.png 318 435 119 236
0888.png 319 434 119 234
0889.png 321 433 119 230
0890.png 314 433 118 236
0891.png 319 432 119 232
0892.png 317 427 121 232
0893.png 320 429 122 232
0894.png 317 426 121 230
0895.png 316 425 122 232
0896.png 318 425 122 230
0897.png 317 425 122 230
0898.png 315 424 122 231
0899.png 309 419 122 233
0900.png 302 410 121 229
0901.png 300 410 119 230
0902.png 293 403 119 230
0903.png 289 397 121 229
0904.png 290 393 125 228
0905.png 290 395 122 228
0906.png 290 396 121 227
0907.png 290 394 125 229
0908.png 286 389 123 227
0909.png 285 394 119 228
0910.png 281 392 119 230
0911.png 285 391 122 229
0912.png 283 390 122 229
0913.png 285 391 123 229
0914.png 284 395 122 233
0915.png 286 390 126 230
0916.png 288 391 125 228
0917.png 287 390 124 227
0918.png 288 400 119 231
0919.png 293 401 120 228
0920.png 293 403 119 230
0921.png 294 404 119 229
0922.png 298 403 120 225
0923.png 299 405 121 227
0924.png 298 405 120 228
0925.png 300 413 121 233
0926.png 299 412 119 232
0927.png 298 414 118 234
0928.png 304 414 118 228
0929.png 305 415 118 228
0930.png 306 418 115 227
0931.png 306 421 113 228
0932.png 307 420 114 227
0933.png 310 424 113 227
0934.png 309 428 112 231
0935.png 316 425 121 230
0936.png 316 428 117 229
0937.png 316 430 114 228
0938.png 316 434 112 230
0939.png 316 437 110 231
0940.png 316 437 110 232
0941.png 316 435 112 232
0942.png 316 436 113 234
0943.png 320 443 113 237
0944.png 324 434 122 232
0945.png 323 437 122 236
0946.png 326 438 124 237
0947.png 331 442 126 237
0948.png 330 443 126 239
0949.png 338 447 126 236
0950.png 342 450 128 236
0951.png 340 451 126 238
0952.png 344 459 126 240
0953.png 348 458 126 236
0954.png 347 459 126 238
0955.png 351 465 126 239
0956.png 352 464 125 237
0957.png 353 465 126 238
0958.png 354 463 128 236
0959.png 354 465 127 238
0960.png 351 459 130 238
0961.png 350 459 129 238
0962.png 351 457 129 235
0963.png 347 452 129 233
0964.png 347 458 127 238
0965.png 346 454 128 237
0966.png 342 449 132 238
0967.png 341 452 129 239
0968.png 340 450 128 238
0969.png 339 449 128 237
0970.png 339 448 128 236
0971.png 340 447 127 234
0972.png 338 447 128 237
0973.png 338 448 127 237
0974.png 340 452 128 239
0975.png 337 447 126 236
0976.png 337 450 124 237
0977.png 331 447 123 239
0978.png 334 452 124 241
0979.png 334 444 123 233
0980.png 332 443 123 234
0981.png 333 442 122 232
0982.png 333 439 124 229
0983.png 333 440 122 229
0984.png 330 438 122 230
0985.png 330 436 123 229
0986.png 329 436 122 230
0987.png 326 437 122 233
0988.png 323 436 121 234
0989.png 328 435 124 231
0990.png 332 438 123 229
0991.png 332 439 124 231
0992.png 333 442 116 225
0993.png 343 446 120 223
0994.png 339 447 115 224
0995.png 339 450 113 224
0996.png 338 449 114 224
0997.png 334 446 115 226
0998.png 337 445 118 226
0999.png 336 439 120 222
1000.png 334 438 116 221
1001.png 335 439 119 223
1002.png 332 438 118 224
1003.png 330 436 117 223
1004.png 324 440 110 226
1005.png 321 439 109 227
1006.png 321 431 114 224
1007.png 324 431 114 221
1008.png 318 434 111 227
1009.png 314 423 112 221
1010.png 312 425 111 224
1011.png 310 417 118 226
1012.png 309 418 116 225
1013.png 302 415 117 230
1014.png 304 412 121 229
1015.png 300 408 120 228
1016.png 295 403 122 230
1017.png 291 400 124 232
1018.png 287 399 122 234
1019.png 285 390 123 228
1020.png 282 390 121 229
1021.png 279 388 123 232
1022.png 283 391 123 230
1023.png 284 393 122 231
1024.png 285 396 121 232
1025.png 289 395 121 227
1026.png 292 394 124 227
1027.png 294 397 124 227
1028.png 292 395 123 226
1029.png 291 397 121 227
1030.png 294 393 125 224
1031.png 292 398 123 229
1032.png 287 397 118 228
1033.png 286 400 117 231
1034.png 292 391 126 225
1035.png 293 403 120 230
1036.png 298 405 121 227
1037.png 299 401 124 226
1038.png 301 407 120 226
1039.png 305 414 119 228
1040.png 307 416 119 228
1041.png 309 420 118 229
1042.png 308 422 115 229
1043.png 306 421 113 227
1044.png 317 425 116 225
1045.png 315 424 121 230
1046.png 319 432 122 234
1047.png 319 426 122 229
1048.png 319 425 124 230
1049.png 316 423 124 231
1050.png 319 427 123 230
1051.png 313 426 119 233
1052.png 314 428 120 233
1053.png 316 431 119 234
1054.png 314 430 119 235
1055.png 314 425 121 233
1056.png 314 426 121 233
1057.png 315 422 126 232
1058.png 319 425 124 231
1059.png 316 423 126 234
1060.png 315 422 125 233
1061.png 316 423 126 234
1062.png 315 422 124 231
1063.png 314 422 125 233
1064.png 314 424 122 232
1065.png 313 423 121 231
1066.png 316 425 122 231
1067.png 311 424 119 232
1068.png 312 428 119 235
1069.png 315 425 122 231
1070.png 314 424 122 232
1071.png 315 422 125 232
1072.png 317 425 124 232
1073.png 313 425 121 233
1074.png 313 428 119 234
1075.png 313 425 121 233
1076.png 312 422 122 232
1077.png 311 422 119 230
1078.png 311 422 118 229
1079.png 313 423 118 229
1080.png 310 422 117 229
1081.png 311 420 119 228
1082.png 307 421 119 232
1083.png 305 416 118 229
1084.png 308 418 119 229
1085.png 302 422 116 236
1086.png 302 422 115 236
1087.png 301 419 118 236
1088.png 302 421 118 236
1089.png 305 420 118 232
1090.png 309 419 119 229
1091.png 305 420 118 232
1092.png 307 417 119 230
1093.png 309 418 121 231
1094.png 312 421 120 230
1095.png 305 421 119 234
1096.png 311 427 119 234
1097.png 308 428 116 236
1098.png 311 427 116 233
1099.png 311 423 118 230
1100.png 313 427 119 233
1101.png 313 428 118 232
1102.png 315 427 119 231
1103.png 314 430 117 234
1104.png 313 430 117 234
1105.png 310 434 112 236
1106.png 311 434 109 232
1107.png 310 433 109 232
1108.png 313 432 111 231
1109.png 315 433 109 226
1110.png 315 433 109 226
1111.png 315 432 109 226
1112.png 311 435 106 229
1113.png 314 436 104 226
1114.png 312 438 106 231
1115.png 310 440 102 232
1116.png 316 439 105 229
1117.png 317 444 104 231
1118.png 320 443 105 228
1119.png 323 440 108 225
1120.png 323 437 109 223
1121.png 322 438 111 227
1122.png 324 442 111 229
1123.png 325 443 110 227
1124.png 320 441 110 230
1125.png 322 448 108 234
1126.png 324 449 109 233
1127.png 329 445 112 228
1128.png 332 446 114 227
1129.png 331 442 115 226
1130.png 329 437 116 224
1131.png 325 438 114 227
1132.png 330 441 113 224
1133.png 330 440 114 224
1134.png 329 441 113 225
1135.png 330 439 114 223
1136.png 327 436 114 224
1137.png 325 435 114 224
1138.png 324 433 114 223
1139.png 324 431 115 222
1140.png 323 429 115 222
1141.png 322 430 115 223
1142.png 324 429 116 221
1143.png 318 427 114 223
1144.png 315 427 113 224
1145.png 312 423 113 224
1146.png 312 421 116 225
1147.png 309 423 114 228
1148.png 309 422 116 229
1149.png 307 421 116 229
1150.png 307 424 113 230
1151.png 305 421 117 232
1152.png 302 420 115 233
1153.png 304 419 116 231
1154.png 306 423 114 231
1155.png 310 421 117 229
1156.png 306 423 114 231
1157.png 309 425 117 233
1158.png 305 426 113 234
1159.png 309 425 116 233
1160.png 311 422 116 227
1161.png 307 424 114 232
1162.png 310 429 118 237
1163.png 307 429 117 240
1164.png 307 424 115 232
1165.png 312 424 119 231
1166.png 311 426 119 234
1167.png 308 427 117 237
1168.png 309 426 117 235
1169.png 309 429 117 237
1170.png 304 428 114 239
1171.png 301 419 115 233
1172.png 300 418 115 233
1173.png 304 420 114 229
1174.png 308 422 116 230
1175.png 306 418 118 230
1176.png 305 417 117 230
1177.png 308 420 118 229
1178.png 308 419 119 231
1179.png 308 417 122 230
1180.png 307 417 121 231
1181.png 307 415 122 229
1182.png 306 415 119 228
1183.png 308 417 118 227
1184.png 308 416 118 225
1185.png 302 414 115 228
1186.png 304 416 114 226
1187.png 302 416 114 228
1188.png 308 417 113 222
1189.png 309 416 115 222
1190.png 305 418 110 224
1191.png 303 418 110 225
1192.png 303 416 111 224
1193.png 307 414 116 223
1194.png 304 414 116 225
1195.png 303 412 116 225
1196.png 303 413 116 226
1197.png 303 412 118 227
1198.png 304 415 115 226
1199.png 301 413 114 226
1200.png 299 414 107 222
1201.png 300 415 109 224
1202.png 302 413 112 223
1203.png 301 404 114 217
1204.png 296 406 112 222
1205.png 301 404 116 219
1206.png 302 402 118 218
1207.png 299 407 109 217
1208.png 300 405 111 216
1209.png 298 407 108 217
1210.png 298 407 108 217
1211.png 300 405 113 218
1212.png 294 408 109 223
1213.png 295 407 111 224
1214.png 297 406 112 221
1215.png 297 403 113 219
1216.png 294 405 112 223
1217.png 295 406 113 224
1218.png 296 407 113 224
1219.png 296 409 111 224
1220.png 296 409 112 224
1221.png 296 411 111 225
1222.png 299 407 113 222
1223.png 299 406 113 220
1224.png 298 407 113 222
1225.png 297 407 113 223
1226.png 299 410 113 223
1227.png 302 415 111 224
1228.png 303 415 113 225
1229.png 302 414 114 225
1230.png 300 415 110 225
1231.png 303 415 113 225
1232.png 307 417 118 228
1233.png 305 416 117 228
1234.png 308 420 116 228
1235.png 308 422 116 229
1236.png 313 421 120 229
1237.png 312 425 118 231
1238.png 315 427 119 230
1239.png 312 427 118 233
1240.png 316 429 119 232
1241.png 317 426 121 230
1242.png 316 423 122 229
1243.png 317 425 121 229
1244.png 317 430 120 233
1245.png 319 431 120 232
1246.png 318 429 120 231
1247.png 319 428 119 228
1248.png 316 426 115 225
1249.png 312 431 110 229
1250.png 311 425 114 229
1251.png 316 427 118 230
1252.png 314 420 123 229
1253.png 312 420 124 232
1254.png 304 415 121 232
1255.png 308 416 123 232
1256.png 303 415 122 235
1257.png 300 410 122 232
1258.png 299 408 124 233
1259.png 292 396 124 228
1260.png 289 397 123 231
1261.png 285 386 125 227
1262.png 286 387 125 226
1263.png 276 386 124 235
1264.png 278 389 128 240
1265.png 281 387 131 237
1266.png 275 386 131 242
1267.png 274 393 128 246
1268.png 277 385 135 244
1269.png 278 390 132 244
1270.png 277 389 132 245
1271.png 276 392 130 246
1272.png 275 388 131 244
1273.png 276 391 126 242
1274.png 276 392 131 246
1275.png 279 388 129 238
1276.png 277 385 125 233
1277.png 285 388 124 227
1278.png 288 393 130 234
1279.png 289 401 127 239
1280.png 291 396 132 236
1281.png 289 392 133 236
1282.png 290 393 129 232
1283.png 283 388 122 227
1284.png 287 395 120 228
1285.png 290 395 120 225
1286.png 289 401 115 226
1287.png 287 400 115 228
1288.png 290 396 120 226
1289.png 293 402 120 229
1290.png 294 403 121 230
1291.png 297 402 123 227
1292.png 296 405 121 229
1293.png 298 404 121 226
1294.png 299 401 120 222
1295.png 299 404 118 223
1296.png 303 412 117 225
1297.png 309 418 120 229
1298.png 308 417 120 228
1299.png 309 419 120 230
1300.png 312 418 121 227
1301.png 314 422 121 229
1302.png 317 426 121 230
1303.png 315 426 120 231
1304.png 316 427 119 230
1305.png 316 429 118 231
1306.png 315 428 119 232
1307.png 314 429 117 231
1308.png 313 427 119 234
1309.png 316 429 121 233
1310.png 317 429 120 232
1311.png 316 430 120 234
1312.png 311 433 115 237
1313.png 311 432 112 233
1314.png 315 431 115 231
1315.png 319 428 122 232
1316.png 320 428 122 229
1317.png 320 431 118 230
1318.png 324 435 118 229
1319.png 325 434 115 224
1320.png 323 436 115 228
1321.png 329 438 119 228
1322.png 330 439 120 229
1323.png 328 440 117 229
1324.png 331 444 116 228
1325.png 335 443 118 226
1326.png 337 445 115 222
1327.png 326 449 111 235
1328.png 338 451 113 227
1329.png 333 460 110 237
1330.png 338 467 109 238
1331.png 349 462 115 228
1332.png 348 461 120 234
1333.png 340 459 118 236
1334.png 334 450 119 235
1335.png 341 447 124 230
1336.png 338 446 124 232
1337.png 341 444 126 230
1338.png 336 439 129 232
1339.png 332 438 129 236
1340.png 330 434 130 234
1341.png 329 433 131 235
1342.png 327 428 131 232
1343.png 320 432 120 232
1344.png 318 427 119 228
1345.png 315 430 112 228
1346.png 314 432 109 226
1347.png 313 429 110 226
1348.png 313 431 109 227
1349.png 319 431 115 227
1350.png 317 432 114 230
1351.png 315 431 112 228
1352.png 312 433 109 229
1353.png 316 431 110 225
1354.png 317 433 108 223
1355.png 315 433 109 227
1356.png 315 433 114 231
1357.png 315 428 112 226
1358.png 313 430 112 229
1359.png 315 433 112 230
1360.png 315 436 110 231
1361.png 317 435 111 229
1362.png 315 436 110 231
1363.png 317 434 116 232
1364.png 318 430 124 236
1365.png 320 429 124 234
1366.png 317 428 122 233
1367.png 319 431 119 232
1368.png 320 434 120 234
1369.png 321 432 120 231
1370.png 318 435 116 233
1371.png 316 434 117 236
1372.png 315 435 116 237
1373.png 315 437 112 234
1374.png 316 436 112 231
1375.png 316 436 112 231
1376.png 317 435 114 232
1377.png 317 435 112 230
1378.png 321 431 121 231
1379.png 320 429 119 229
1380.png 320 425 126 230
1381.png 318 422 127 232
1382.png 315 420 128 233
1383.png 319 424 127 232
1384.png 318 424 128 233
1385.png 317 422 128 233
1386.png 315 423 128 235
1387.png 315 423 125 233
1388.png 313 427 120 234
1389.png 314 420 127 233
1390.png 318 421 124 227
1391.png 315 427 118 231
1392.png 316 429 117 230
1393.png 316 430 118 231
1394.png 317 428 121 233
1395.png 316 423 124 231
1396.png 315 420 126 230
1397.png 314 421 126 233
1398.png 317 426 120 230
1399.png 316 426 120 229
1400.png 316 431 113 228
1401.png 315 433 111 228
1402.png 315 431 112 228
1403.png 315 430 114 229
1404.png 319 431 121 233
1405.png 318 427 120 230
1406.png 320 431 120 232
1407.png 318 432 117 231
1408.png 318 434 116 231
1409.png 325 435 121 231
1410.png 318 435 119 236
1411.png 319 436 118 234
1412.png 317 438 116 237
1413.png 314 438 115 239
1414.png 318 442 115 240
1415.png 316 443 113 240
1416.png 318 441 114 237
1417.png 323 437 117 231
1418.png 318 441 115 238
1419.png 321 435 118 232
1420.png 322 436 120 233
1421.png 324 435 122 233
1422.png 323 435 122 233
1423.png 325 430 125 230
1424.png 325 428 125 229
1425.png 325 429 125 228
1426.png 323 430 124 231
1427.png 322 432 122 232
1428.png 317 428 122 233
1429.png 316 426 121 232
1430.png 317 430 120 233
1431.png 316 423 123 230
1432.png 309 423 119 233
1433.png 312 426 117 232
1434.png 312 423 121 232
1435.png 312 417 124 229
1436.png 313 420 122 229
1437.png 311 417 126 231
1438.png 311 416 126 231
1439.png 309 417 124 232
1440.png 308 418 122 232
1441.png 307 413 126 232
1442.png 308 412 130 233
1443.png 307 415 126 234
1444.png 304 415 123 235
1445.png 305 416 123 234
1446.png 307 415 124 232
1447.png 306 415 124 232
1448.png 306 416 122 232
1449.png 307 415 123 231
1450.png 305 413 123 231
1451.png 307 413 124 230
1452.png 305 413 123 231
1453.png 304 410 125 232
1454.png 303 413 123 233
1455.png 303 412 125 234
1456.png 299 409 122 232
1457.png 302 412 121 231
1458.png 299 408 122 232
1459.png 301 412 122 233
1460.png 305 413 123 231
1461.png 299 413 124 238
1462.png 303 411 129 236
1463.png 310 415 132 236
1464.png 310 417 132 239
1465.png 311 417 132 238
1466.png 309 419 131 241
1467.png 309 417 131 239
1468.png 310 420 130 240
1469.png 306 418 127 239
1470.png 305 419 125 240
1471.png 307 421 126 239
1472.png 310 419 131 240
1473.png 314 422 133 242
1474.png 313 420 135 242
1475.png 314 423 132 241
1476.png 316 424 133 242
1477.png 316 424 131 240
1478.png 316 429 130 243
1479.png 318 426 133 241
1480.png 318 425 133 240
1481.png 318 428 132 241
1482.png 318 429 131 242
1483.png 320 430 131 241
1484.png 320 431 130 241
1485.png 321 432 130 241
1486.png 322 432 132 241
1487.png 321 431 133 243
1488.png 322 431 132 241
1489.png 323 430 132 239
1490.png 323 432 132 241
1491.png 323 432 130 239
1492.png 325 433 131 239
1493.png 324 434 130 239
1494.png 320 434 129 242
1495.png 322 431 130 239
1496.png 323 432 129 238
1497.png 324 433 129 238
1498.png 331 435 129 232
1499.png 327 434 129 235
1500.png 327 435 127 235
1501.png 330 432 134 236
1502.png 327 434 126 232
1503.png 329 434 128 233
1504.png 326 434 124 231
1505.png 326 435 124 233
1506.png 326 431 129 234
1507.png 329 434 129 234
1508.png 328 435 129 237
1509.png 323 431 133 241
1510.png 326 431 136 241
1511.png 326 427 137 237
1512.png 324 429 134 239
1513.png 325 426 135 236
1514.png 320 429 131 239
1515.png 321 428 128 235
1516.png 314 428 124 238
1517.png 316 428 120 232
1518.png 313 432 117 236
1519.png 320 434 118 233
1520.png 316 429 121 234
1521.png 316 427 121 232
1522.png 318 427 123 232
1523.png 317 426 125 233
1524.png 317 429 121 234
1525.png 313 427 118 231
1526.png 310 428 116 233
1527.png 311 425 113 228
1528.png 310 428 110 228
1529.png 310 428 111 230
1530.png 310 427 112 228
1531.png 310 428 111 230
1532.png 312 425 111 224
1533.png 317 429 112 224
1534.png 315 427 112 224
1535.png 314 427 112 225
1536.png 313 424 112 224
1537.png 313 423 113 222
1538.png 315 424 117 227
1539.png 313 426 117 230
1540.png 319 430 119 229
1541.png 321 429 121 228
1542.png 323 431 121 229
1543.png 319 429 121 231
1544.png 320 431 122 232
1545.png 321 430 123 231
1546.png 324 433 123 233
1547.png 321 429 120 228
1548.png 314 430 115 232
1549.png 314 427 117 230
1550.png 316 427 117 228
1551.png 317 432 116 231
1552.png 314 427 121 234
1553.png 312 426 121 235
1554.png 313 427 120 234
1555.png 314 428 119 233
1556.png 314 426 120 232
1557.png 314 424 120 231
1558.png 314 422 120 228
1559.png 311 423 118 229
1560.png 309 420 118 229
1561.png 310 420 119 229
1562.png 303 419 118 233
1563.png 304 418 119 233
1564.png 302 416 118 232
1565.png 306 421 116 231
1566.png 312 423 119 230
1567.png 305 418 118 231
1568.png 308 425 113 230
1569.png 306 422 113 228
1570.png 304 416 114 226
1571.png 302 417 110 225
1572.png 303 422 108 226
1573.png 309 418 114 223
1574.png 308 424 108 224
1575.png 315 428 106 219
1576.png 319 432 106 220
1577.png 327 434 105 212
1578.png 332 442 104 214
1579.png 328 447 98 217
1580.png 330 450 98 217
1581.png 329 442 100 213
1582.png 331 440 101 210
1583.png 335 438 105 208
1584.png 333 434 105 207
1585.png 331 436 103 208
1586.png 335 440 103 208
1587.png 328 438 105 214
1588.png 331 436 105 210
1589.png 323 435 103 215
1590.png 326 433 103 209
1591.png 323 435 104 215
1592.png 332 437 105 211
1593.png 328 435 103 210
1594.png 320 433 104 217
1595.png 324 436 106 217
1596.png 326 432 105 210
1597.png 322 429 108 215
1598.png 325 430 110 216
1599.png 322 434 110 222
1600.png 326 438 111 224
1601.png 325 436 110 221
1602.png 328 435 111 218
1603.png 317 433 110 226
1604.png 317 431 110 224
1605.png 317 431 108 222
1606.png 316 429 109 222
1607.png 313 426 111 224
1608.png 311 426 110 224
1609.png 308 424 109 225
1610.png 310 423 113 226
1611.png 307 423 108 224
1612.png 304 419 110 225
1613.png 301 414 111 224
1614.png 300 419 110 229
1615.png 300 412 116 227
1616.png 299 413 115 230
1617.png 299 410 118 230
1618.png 301 409 120 227
1619.png 302 411 119 227
1620.png 303 412 119 228
1621.png 301 410 118 227
1622.png 304 412 120 228
1623.png 302 413 118 229
1624.png 303 411 118 227
1625.png 301 410 119 228
1626.png 304 410 120 227
1627.png 303 412 118 227
1628.png 302 414 117 228
1629.png 301 411 118 229
1630.png 304 412 120 228
1631.png 302 410 121 229
1632.png 298 409 119 230
1633.png 298 410 118 230
1634.png 296 408 118 230
1635.png 292 408 116 232
1636.png 289 400 119 230
1637.png 289 400 119 230
1638.png 288 399 119 231
1639.png 288 399 119 229
1640.png 290 398 119 228
1641.png 290 399 119 228
1642.png 294 401 121 229
1643.png 294 401 122 228
1644.png 294 401 124 231
1645.png 295 404 121 231
1646.png 298 407 122 232
1647.png 298 409 121 232
1648.png 297 405 122 230
1649.png 301 409 121 230
1650.png 305 417 121 232
1651.png 304 415 121 232
1652.png 309 420 120 232
1653.png 305 417 120 233
1654.png 304 417 120 233
1655.png 303 415 120 232
1656.png 307 418 121 232
1657.png 306 420 122 237
1658.png 304 418 120 235
1659.png 301 414 123 235
1660.png 303 412 123 232
1661.png 306 413 125 232
1662.png 305 413 125 233
1663.png 307 412 125 231
1664.png 311 415 125 229
1665.png 311 419 123 232
1666.png 305 416 122 232
1667.png 307 417 122 232
1668.png 309 418 123 232
1669.png 308 417 123 232
1670.png 308 419 123 234
1671.png 307 419 121 233
1672.png 307 420 120 233
1673.png 307 418 122 233
1674.png 306 416 122 232
1675.png 304 412 122 230
1676.png 305 414 121 230
1677.png 303 410 124 231
1678.png 304 410 124 231
1679.png 298 405 123 229
1680.png 297 403 123 229
1681.png 299 407 123 231
1682.png 295 408 118 231
1683.png 291 405 118 231
1684.png 289 403 118 231
1685.png 288 402 115 228
1686.png 282 398 114 230
1687.png 286 397 116 227
1688.png 285 394 116 226
1689.png 280 393 114 227
1690.png 281 393 114 226
1691.png 279 394 113 228
1692.png 280 396 113 229
1693.png 283 394 118 229
1694.png 278 382 122 226
1695.png 276 392 114 230
1696.png 273 385 118 230
1697.png 273 390 114 231
1698.png 272 391 113 232
1699.png 267 387 112 232
1700.png 270 382 117 229
1701.png 268 386 113 231
1702.png 269 387 112 230
1703.png 273 388 113 228
1704.png 270 388 113 231
1705.png 274 391 111 228
1706.png 276 387 116 226
1707.png 279 396 112 230
1708.png 283 391 116 224
1709.png 285 394 117 226
1710.png 282 391 119 228
1711.png 285 394 117 227
1712.png 288 401 114 226
1713.png 287 398 116 227
1714.png 285 400 113 228
1715.png 287 400 113 226
1716.png 285 401 113 229
1717.png 289 406 111 229
1718.png 288 405 110 228
1719.png 292 408 112 228
1720.png 293 407 116 230
1721.png 298 412 115 229
1722.png 295 412 113 230
1723.png 298 418 114 233
1724.png 299 417 114 233
1725.png 300 415 117 232
1726.png 305 417 121 233
1727.png 306 417 120 231
1728.png 306 416 120 230
1729.png 306 416 121 230
1730.png 307 417 120 230
1731.png 308 418 121 230
1732.png 304 417 120 232
1733.png 304 419 116 232
1734.png 307 419 119 232
1735.png 307 421 120 234
1736.png 309 420 122 233
1737.png 314 418 125 230
1738.png 313 422 121 231
1739.png 311 415 127 231
1740.png 313 422 122 231
1741.png 315 425 121 231
1742.png 312 424 121 233
1743.png 316 422 124 230
1744.png 317 422 126 231
1745.png 315 423 125 233
1746.png 313 423 122 233
1747.png 311 422 122 233
1748.png 311 421 122 232
1749.png 311 425 117 231
1750.png 316 427 118 228
1751.png 315 422 119 226
1752.png 312 428 115 231
1753.png 312 430 114 231
1754.png 315 433 112 230
1755.png 317 430 113 226
1756.png 318 427 113 221
1757.png 316 425 112 222
1758.png 317 430 109 222
1759.png 323 430 116 223
1760.png 321 432 111 222
1761.png 318 434 112 228
1762.png 318 434 113 229
1763.png 322 435 116 229
1764.png 325 432 124 231
1765.png 319 432 119 231
1766.png 317 436 117 236
1767.png 315 436 115 236
1768.png 323 437 121 235
1769.png 324 438 121 235
1770.png 323 435 122 233
1771.png 327 435 123 231
1772.png 323 433 123 233
1773.png 326 429 126 229
1774.png 325 430 124 230
1775.png 328 435 125 232
1776.png 328 433 127 231
1777.png 324 437 123 236
1778.png 325 436 124 236
1779.png 326 435 125 234
1780.png 323 434 122 233
1781.png 325 433 122 231
1782.png 323 432 122 231
1783.png 326 431 125 229
1784.png 327 434 124 231
1785.png 328 431 126 229
1786.png 328 436 126 234
1787.png 324 432 126 234
1788.png 328 431 131 233
1789.png 324 431 125 233
1790.png 323 429 125 231
1791.png 323 434 123 234
1792.png 323 431 123 231
1793.png 319 433 119 232
1794.png 326 434 123 232
1795.png 327 437 123 233
1796.png 327 444 118 234
1797.png 332 442 121 231
1798.png 332 445 120 233
1799.png 336 444 121 230
1800.png 334 441 122 229
1801.png 338 448 120 230
1802.png 337 446 122 231
1803.png 338 447 121 230
1804.png 343 448 123 228
1805.png 343 450 122 229
1806.png 341 451 121 230
1807.png 341 448 123 230
1808.png 341 449 123 231
1809.png 342 452 120 231
1810.png 341 452 119 230
1811.png 339 448 120 229
1812.png 340 447 120 227
1813.png 346 450 122 225
1814.png 343 451 122 229
1815.png 341 448 121 228
1816.png 339 443 126 229
1817.png 340 442 127 229
1818.png 341 447 125 230
1819.png 344 447 124 227
1820.png 337 444 124 231
1821.png 334 444 122 232
1822.png 335 445 121 232
1823.png 333 443 122 232
1824.png 332 442 124 234
1825.png 329 442 120 233
1826.png 330 442 118 230
1827.png 329 440 119 230
1828.png 330 443 119 232
1829.png 331 444 120 233
1830.png 330 439 122 231
1831.png 332 438 125 231
1832.png 324 436 121 233
1833.png 322 436 119 233
1834.png 321 437 119 235
1835.png 316 439 115 238
1836.png 321 434 119 232
1837.png 321 432 120 231
1838.png 320 430 121 231
1839.png 321 430 122 231
1840.png 321 431 122 231
1841.png 314 427 120 233
1842.png 313 426 120 233
1843.png 312 426 120 234
1844.png 310 425 119 233
1845.png 312 422 121 230
1846.png 311 423 122 234
1847.png 311 423 123 235
1848.png 310 424 121 235
1849.png 314 427 122 235
1850.png 314 427 122 235
1851.png 314 426 124 235
1852.png 309 426 119 236
1853.png 314 426 124 235
1854.png 317 422 129 234
1855.png 312 425 119 232
1856.png 312 422 122 232
1857.png 311 424 120 233
1858.png 316 426 124 234
1859.png 317 422 125 230
1860.png 313 422 120 229
1861.png 315 423 121 229
1862.png 308 424 117 233
1863.png 308 419 119 229
1864.png 310 422 120 231
1865.png 311 422 120 230
1866.png 310 422 119 231
1867.png 309 423 118 231
1868.png 310 421 120 231
1869.png 312 420 123 230
1870.png 311 422 119 230
1871.png 315 417 128 230
1872.png 307 421 120 234
1873.png 311 421 121 231
1874.png 312 419 122 228
1875.png 310 419 120 229
1876.png 311 422 123 234
1877.png 308 421 119 232
1878.png 310 424 118 232
1879.png 311 417 122 228
1880.png 302 418 117 234
1881.png 303 418 119 233
1882.png 298 415 117 234
1883.png 301 418 117 234
1884.png 301 417 119 235
1885.png 299 418 116 236
1886.png 302 415 119 232
1887.png 302 416 118 233
1888.png 299 416 116 233
1889.png 299 413 119 233
1890.png 298 415 117 234
1891.png 297 416 116 235
1892.png 300 414 119 232
1893.png 299 417 115 233
1894.png 299 415 116 232
1895.png 299 414 117 231
1896.png 302 415 117 230
1897.png 302 415 118 231
1898.png 299 420 116 237
1899.png 298 420 116 238
1900.png 301 419 118 236
1901.png 303 416 119 232
1902.png 301 419 118 236
1903.png 305 420 117 232
1904.png 302 414 118 230
1905.png 301 420 115 234
1906.png 302 423 114 235
1907.png 307 420 118 231
1908.png 307 419 119 231
1909.png 307 421 119 232
1910.png 307 420 117 230
1911.png 307 420 116 228
1912.png 307 422 114 230
1913.png 308 422 114 228
1914.png 305 424 110 229
1915.png 308 423 111 226
1916.png 307 424 110 228
1917.png 312 428 114 230
1918.png 311 432 109 230
1919.png 310 433 107 230
1920.png 310 430 107 228
1921.png 311 430 107 226
1922.png 311 431 108 228
1923.png 311 433 107 229
1924.png 314 432 108 225
1925.png 314 431 108 225
1926.png 312 432 107 227
1927.png 312 432 108 227
1928.png 314 433 108 227
1929.png 315 435 108 228
1930.png 312 436 105 229
1931.png 314 436 106 228
1932.png 317 433 110 226
1933.png 319 432 110 223
1934.png 322 430 113 221
1935.png 324 429 116 221
1936.png 321 432 112 223
1937.png 323 433 113 223
1938.png 323 433 113 223
1939.png 323 433 113 223
1940.png 321 432 113 224
1941.png 321 432 112 223
1942.png 322 431 112 221
1943.png 316 434 109 227
1944.png 319 436 111 227
1945.png 318 436 110 228
1946.png 318 436 108 227
1947.png 321 436 111 225
1948.png 321 434 112 224
1949.png 319 438 108 226
1950.png 318 438 106 227
1951.png 321 437 111 226
1952.png 322 437 110 225
1953.png 323 433 112 222
1954.png 325 433 113 221
1955.png 322 432 112 222
1956.png 323 432 113 221
1957.png 323 432 113 221
1958.png 324 430 116 222
1959.png 325 430 115 221
1960.png 327 434 116 222
1961.png 326 433 115 223
1962.png 316 436 109 229
1963.png 312 435 107 230
1964.png 317 434 112 229
1965.png 316 435 112 231
1966.png 318 431 117 230
1967.png 314 435 116 237
1968.png 315 431 117 233
1969.png 316 432 115 231
1970.png 313 425 123 234
1971.png 313 424 123 234
1972.png 312 425 121 234
1973.png 314 427 121 234
1974.png 312 424 122 233
1975.png 309 420 122 233
1976.png 313 423 121 231
1977.png 313 421 123 230
1978.png 310 422 121 233
1979.png 309 420 121 232
1980.png 311 423 121 233
1981.png 311 419 126 233
1982.png 311 420 124 233
1983.png 310 420 122 232
1984.png 307 418 122 232
1985.png 306 415 122 231
1986.png 305 416 122 233
1987.png 301 412 122 233
1988.png 300 409 123 232
1989.png 295 408 120 233
1990.png 292 405 122 234
1991.png 290 403 119 232
1992.png 286 402 118 234
1993.png 287 399 120 233
1994.png 285 399 118 232
1995.png 287 400 116 230
1996.png 283 399 115 231
1997.png 290 395 120 225
1998.png 287 399 115 227
1999.png 287 403 114 229
2000.png 285 401 114 229
2001.png 287 401 115 229
2002.png 288 402 116 230
2003.png 290 406 116 232
2004.png 289 403 116 230
2005.png 295 404 119 228
2006.png 295 408 118 230
2007.png 295 408 115 228
2008.png 294 407 115 228
2009.png 295 409 116 231
2010.png 298 412 116 231
2011.png 298 412 117 231
2012.png 298 411 118 231
2013.png 302 412 119 229
2014.png 299 413 118 232
2015.png 304 414 119 230
2016.png 304 415 119 231
2017.png 306 417 119 229
2018.png 306 416 120 230
2019.png 302 414 118 230
2020.png 301 413 118 231
2021.png 302 414 118 230
2022.png 302 414 118 230
2023.png 300 414 117 231
2024.png 301 413 118 231
2025.png 302 414 119 230
2026.png 300 412 118 230
2027.png 301 413 118 231
2028.png 303 414 119 230
2029.png 304 415 118 229
2030.png 302 414 119 230
2031.png 305 413 119 227
2032.png 304 414 119 229
2033.png 304 414 120 230
2034.png 304 414 120 230
2035.png 304 414 119 229
2036.png 303 414 119 229
2037.png 305 414 121 230
2038.png 300 414 118 232
2039.png 300 413 122 235
2040.png 304 416 121 233
2041.png 303 413 122 232
2042.png 307 415 125 233
2043.png 310 415 124 230
2044.png 310 416 125 230
2045.png 308 414 124 231
2046.png 307 420 121 234
2047.png 309 417 122 230
2048.png 310 417 123 230
2049.png 309 418 121 230
2050.png 307 418 121 233
2051.png 309 419 122 231
2052.png 308 419 121 232
2053.png 312 421 122 231
2054.png 311 420 122 231
2055.png 313 424 121 232
2056.png 311 421 122 232
2057.png 308 418 122 232
2058.png 310 420 122 232
2059.png 309 419 122 231
2060.png 311 419 123 231
2061.png 311 419 123 231
2062.png 308 419 121 232
2063.png 308 417 122 230
2064.png 312 418 123 230
2065.png 309 419 122 232
2066.png 308 419 121 233
2067.png 311 420 122 230
2068.png 310 417 123 230
2069.png 310 417 123 230
2070.png 308 417 122 230
2071.png 309 418 121 230
2072.png 310 420 121 231
2073.png 312 419 122 230
2074.png 309 418 121 231
2075.png 310 418 122 230
2076.png 310 418 122 230
2077.png 309 418 122 231
2078.png 310 418 122 230
2079.png 309 420 122 233
2080.png 311 420 122 232
2081.png 311 422 123 234
2082.png 312 425 121 234
2083.png 311 423 122 233
2084.png 312 423 123 234
2085.png 313 424 123 234
2086.png 314 424 122 232
2087.png 315 424 122 232
2088.png 315 425 122 232
2089.png 316 426 123 233
2090.png 314 424 124 234
2091.png 314 423 123 233
2092.png 320 427 124 231
2093.png 318 427 123 233
2094.png 317 428 122 232
2095.png 317 428 122 232
2096.png 322 429 124 232
2097.png 318 427 124 233
2098.png 313 423 123 234
2099.png 312 422 123 233
2100.png 320 430 121 231
2101.png 315 425 121 231
2102.png 317 427 122 232
2103.png 316 425 122 231
2104.png 315 424 122 231
2105.png 320 427 124 231
2106.png 316 423 124 231
2107.png 320 426 124 230
2108.png 321 427 124 230
2109.png 319 427 122 231
2110.png 321 427 124 230
2111.png 318 426 123 231
2112.png 316 423 124 231
2113.png 316 423 124 232
2114.png 318 425 124 232
2115.png 316 423 124 232
2116.png 316 425 122 231
2117.png 314 425 121 232
2118.png 315 425 121 231
2119.png 314 425 120 231
2120.png 314 425 120 231
2121.png 314 423 122 231
2122.png 313 423 122 232
2123.png 312 425 121 234
2124.png 313 425 121 233
2125.png 311 423 122 233
2126.png 312 425 121 234
2127.png 314 427 121 234
2128.png 313 426 121 234
2129.png 312 425 121 234
2130.png 311 423 122 233
2131.png 311 423 122 233
2132.png 311 423 122 233
2133.png 311 423 122 233
2134.png 311 423 122 233
2135.png 313 425 121 233
2136.png 311 423 122 233
2137.png 314 426 122 234
2138.png 312 425 121 234
2139.png 312 424 122 234
2140.png 315 424 124 232
2141.png 313 423 124 233
2142.png 313 423 124 233
2143.png 313 423 124 233
2144.png 315 425 123 233
2145.png 315 423 124 232
2146.png 314 422 125 233
2147.png 315 423 125 233
2148.png 315 424 124 233
2149.png 316 423 125 232
